emon,flavour,bitter,anyone,brut,de,taste,middle,leaves,full,palete,beer,local,quality,drinkability,body,considering,small,touch,type,another,sour,peach,good,lucky,behind,nice,maltyness,easy,spicy,forms,revieuwing,remarkable,very,mouthfeel,characteristic,refined,alcohol,refreshing,cramy,light,ale,nicely,definitely,pale,consider,elements,fine,spot,aftertaste,colour,slightly,great,pineapple,spritzy,fortunate,haze,more,style,750,nectarine,far,yellow,special,notes,one,foam,long,high,honey,classy,expected,carbonation,clean,draining,along,tucked,aperitif,lasts,texture,enjoy,fruity,mellow,wasnt,away,carbonisation,save,brew,appearance,neat,hints,poured,aroma,occasion,bottle,side,picked,fermented,flavor,spice,glass,lacing,thin,layer,still,spots,heavily,stuff,typical,vanilla,smell,ester,yeasty,towering,imo,tropical,think,little,pours,glad,finish,enough,fair,hazed,floral,phenolic,wife,thanks,head,lace,hidden,pleasure,semidry,fruit,grain,makes,proef,hay,malt,500th,prickly,wheat,quite,bit,bodied,up,surprisingly,yourself,stable,malheur,citrus,drink,spotty,litle,dry,quickly,cap,bottom,protein,well,something,attractive,sure,veggies,o,maximum,abv,really,extraordinary,grass,clear,settles,overall,hazy,golden,ml,sweet,retention,belgian,drinkable,white,fruits,same,balanced,jan,keep,straw,smells,old,truly,art,store,colored,big,decent,bitterness,citrusy,yeastpalate,next,way,work,worth
,0,0,0,0,0,1,0,0,0,0,1,0,0,0,0,0,0,0,0,0,0,0,0,0,0,0,0,1,0,0,0,0,0,0,0,0,1,0,0,0,0,0,0,0,0,0,0,0,0,0,0,0,0,0,0,0,0,1,0,0,0,0,0,0,0,0,0,0,0,0,0,0,0,0,0,0,0,0,0,0,0,0,0,0,0,0,0,0,0,0,0,0,0,0,0,0,0,0,0,0,0,0,0,0,0,0,0,0,0,0,0,0,0,0,0,0,0,0,0,0,0,0,0,0,0,0,0,0,0,1,0,0,0,0,0,0,0,0,0,0,0,1,0,0,0,0,0,0,0,0,1,0,0,0,0,0,0,0,1,0,0,0,0,1,0,0,0,0,0,0,0,0,0,0,0,0,0,0,0,0,0,0,0,0,0,0,0,0,0,0,0,0,0,0,0,0,0,0,0,0,0
,0,0,0,0,0,0,0,0,0,0,0,0,0,0,0,0,0,0,0,0,0,0,0,0,0,0,0,0,0,0,0,0,0,0,0,0,0,0,0,0,0,0,0,0,0,0,0,0,0,0,0,1,0,0,0,0,0,0,0,0,0,0,0,0,0,0,0,0,0,0,0,0,0,0,0,0,1,0,0,0,0,0,0,0,0,0,0,0,0,0,0,0,0,0,0,0,0,0,0,0,0,0,0,0,0,0,0,0,0,0,0,0,0,0,0,0,0,0,0,0,0,0,0,0,0,0,0,0,0,0,0,0,0,0,0,0,0,0,0,0,0,0,0,0,0,0,0,0,0,0,0,0,0,0,0,0,0,0,0,0,0,0,0,0,0,0,0,0,0,0,0,0,0,0,0,0,0,0,0,0,0,0,0,0,0,0,0,0,0,0,0,0,0,0,0,0,0,0,0,0,0
,0,0,0,1,0,1,0,0,0,0,4,1,1,0,1,0,0,2,0,0,0,0,0,0,0,2,0,0,0,0,0,2,3,0,1,0,1,0,0,2,0,0,0,1,0,0,0,1,0,0,0,0,0,1,0,1,1,0,1,0,1,0,0,0,0,0,1,0,0,0,1,0,0,1,0,0,0,1,0,0,2,0,1,0,0,0,1,1,0,0,1,1,0,1,0,1,0,1,0,1,0,0,0,1,0,0,0,1,0,0,1,1,1,0,0,0,1,0,0,1,0,0,0,0,0,1,0,3,0,0,0,1,0,0,0,0,0,1,0,0,0,1,0,0,1,0,0,1,0,0,0,0,0,0,0,0,0,1,1,0,1,0,0,0,0,0,1,0,0,1,0,0,0,1,1,0,0,1,0,0,0,0,1,0,0,0,0,0,1,0,1,0,0,0,1,0,0,0,1,0,0
,0,0,0,0,1,0,0,0,0,0,0,0,0,0,0,0,1,0,0,0,1,2,0,0,0,2,0,0,1,0,0,0,1,0,0,0,0,0,1,0,1,0,0,1,0,2,0,0,0,0,0,0,1,0,0,0,0,0,0,1,0,0,0,0,0,1,0,0,0,0,0,0,0,0,0,0,0,0,0,0,0,0,0,0,0,0,1,0,0,1,0,0,0,0,0,0,0,1,0,0,0,0,0,0,0,1,0,0,1,0,0,0,0,0,1,0,0,0,0,0,0,0,0,0,1,0,0,1,0,0,0,0,0,0,0,1,0,0,0,0,0,0,0,0,0,0,0,0,0,0,0,0,0,0,0,0,0,0,0,0,0,0,0,0,0,0,0,0,0,0,0,0,0,0,0,0,0,2,0,2,1,0,0,0,0,0,2,2,0,0,0,1,0,0,0,1,0,0,0,0,0
,0,0,0,0,0,1,1,1,0,0,0,0,0,0,0,0,0,0,0,0,0,0,0,0,1,0,0,0,1,1,0,0,0,1,0,0,0,0,0,2,0,0,0,0,0,0,0,0,0,0,1,0,0,0,0,0,0,0,0,0,0,1,0,0,1,0,0,1,2,0,0,1,0,0,0,0,0,0,0,1,0,0,0,0,0,0,0,0,1,0,0,0,0,0,0,0,0,0,1,0,0,1,1,0,1,0,0,0,0,1,0,0,0,0,0,1,1,1,0,1,0,0,1,1,0,0,1,1,1,0,0,0,0,0,0,0,1,0,0,1,1,0,1,1,0,0,0,0,0,2,0,0,0,1,1,0,0,0,0,0,0,1,1,0,0,0,0,0,1,0,1,0,0,0,0,2,0,0,0,0,0,0,0,1,0,0,0,0,0,0,0,0,1,0,0,0,0,0,0,0,0
,1,0,0,0,0,0,0,0,0,0,1,0,0,0,1,1,0,0,0,0,0,0,0,0,0,0,0,0,1,0,0,0,1,0,0,1,2,1,0,4,0,1,0,0,0,0,1,0,0,1,0,0,0,0,0,0,0,0,0,0,0,1,0,1,0,1,0,1,0,0,0,1,0,0,1,0,0,0,1,0,0,1,0,0,0,0,0,0,0,0,1,1,0,0,1,0,0,0,0,0,1,0,0,0,0,0,0,0,0,0,0,0,0,0,0,0,0,0,0,1,0,1,0,0,0,0,1,1,0,0,0,0,1,1,0,0,0,0,0,0,0,2,0,0,0,1,0,0,0,0,0,1,0,0,0,1,0,0,0,0,0,0,0,0,0,1,0,0,0,0,0,1,1,0,0,0,1,0,0,1,0,1,1,1,0,2,0,0,0,0,0,0,0,1,1,0,0,0,0,0,0
,0,0,0,0,0,0,0,0,0,0,0,0,0,0,0,0,0,0,0,1,0,0,0,0,0,0,0,0,0,0,0,0,0,0,0,0,0,0,0,0,0,0,0,0,0,0,0,0,0,0,0,0,0,0,0,0,0,0,0,0,0,0,0,0,0,0,0,0,0,0,0,0,0,0,0,0,0,0,0,0,0,0,0,0,0,0,0,0,0,0,0,0,0,0,0,0,0,0,0,0,0,0,0,0,0,0,0,0,0,0,0,0,0,0,0,0,0,0,0,0,0,0,0,0,0,0,0,0,0,0,0,0,0,0,0,0,0,0,0,0,0,0,0,0,0,0,0,0,1,0,0,0,0,0,0,0,0,0,0,0,0,0,0,0,0,0,0,0,0,0,0,0,0,0,0,0,0,0,0,0,0,0,0,0,0,0,0,0,0,1,0,0,0,0,0,0,0,0,0,1,0
,0,0,0,0,0,0,0,0,0,0,0,0,0,1,0,0,0,0,0,0,0,0,2,0,0,0,0,0,0,0,0,0,1,0,0,0,0,1,0,1,0,0,0,0,0,0,0,0,0,0,0,0,0,0,0,0,0,0,0,0,0,0,0,0,0,0,0,0,0,0,0,0,0,0,0,0,0,0,0,0,0,0,0,0,0,0,0,0,0,0,0,0,0,0,0,0,0,0,0,0,0,0,0,0,0,0,1,0,0,0,0,0,0,0,0,0,0,0,0,0,0,0,0,0,0,0,0,0,0,0,0,0,0,0,0,0,0,0,0,0,0,0,0,0,0,0,0,0,0,0,0,0,0,0,0,0,0,0,0,0,0,0,0,0,0,0,0,0,0,0,0,0,0,0,0,0,0,0,0,0,0,0,1,0,0,0,0,0,0,0,0,0,0,0,0,0,0,0,0,0,0
,0,0,1,0,0,0,0,0,0,0,0,0,0,0,0,0,0,0,0,0,0,0,0,1,0,0,0,0,0,0,0,0,0,0,0,0,0,0,0,0,0,0,0,0,1,0,0,0,0,0,0,0,0,0,1,0,0,0,0,0,0,0,1,0,1,0,0,0,0,0,0,0,0,0,0,1,0,0,0,0,0,0,0,1,0,0,0,0,0,0,0,0,1,0,0,0,0,0,0,0,0,0,0,0,0,0,0,0,0,0,0,0,0,0,0,0,0,0,0,0,1,0,0,0,0,0,0,0,0,0,0,0,0,0,0,0,0,0,0,0,0,0,0,0,0,0,1,0,0,0,0,0,0,0,0,0,0,0,0,0,0,0,0,0,0,0,0,0,0,0,0,0,0,0,0,0,0,0,0,0,0,0,0,0,1,0,0,0,0,0,0,0,0,0,0,0,0,0,0,0,0
,0,0,0,0,0,0,0,0,0,0,3,0,0,0,0,0,0,0,1,1,0,0,0,0,0,0,0,0,0,0,0,0,1,0,0,0,0,0,0,0,0,0,1,0,0,0,0,0,0,0,0,0,0,0,0,0,0,0,0,0,0,0,1,0,0,0,0,0,0,1,0,0,0,0,0,0,0,0,0,0,0,0,0,0,0,1,0,0,0,0,0,0,1,1,0,0,0,0,0,0,0,0,0,0,0,0,0,0,0,0,0,0,0,0,0,0,0,0,1,0,0,0,0,0,0,0,0,0,0,0,0,0,0,0,0,0,0,0,0,0,0,1,0,0,0,0,0,0,0,0,0,0,0,0,0,0,0,0,0,0,0,0,0,0,0,0,0,0,0,0,0,1,0,0,0,0,0,0,1,0,0,0,0,0,0,0,0,0,0,0,0,0,0,0,0,0,0,0,0,0,0
,0,1,0,0,0,1,0,0,1,1,0,0,0,0,0,0,0,0,0,0,0,0,1,0,0,0,1,0,0,0,1,0,1,1,0,0,1,0,0,0,0,0,0,0,0,0,0,0,1,0,0,0,0,0,0,0,0,0,0,0,0,0,0,0,2,0,0,0,0,0,0,0,1,0,0,0,0,0,0,0,0,0,0,0,1,0,0,0,0,0,0,0,0,0,0,0,1,0,0,0,0,0,0,0,0,0,0,0,0,0,0,0,0,1,0,0,0,0,0,0,0,0,0,0,0,0,0,0,0,0,1,0,0,0,2,0,0,0,1,0,0,0,0,0,0,0,0,0,0,0,1,0,1,0,0,0,1,0,1,1,0,0,0,0,1,0,0,1,0,0,0,0,0,0,0,1,0,0,0,0,0,0,0,0,0,0,0,0,0,0,0,0,0,0,0,0,1,1,0,0,1
