-27.298,18.889
13.231,-37.062
-5.5261,-7.5692
-11.053,6.3564
-41.957,-29.001
-54.732,1.9398
-50.187,11.162
-0.96069,6.3027
42.624,-16.316
-4.405,8.907
-11.826,31.553
39.438,46.156
38.84,46.443
2.9531,2.2096
13.839,-26.773
-3.0828,15.574
-38.347,43.395
-18.618,-2.5545
24.748,1.2111
-9.4136,26.088
-38.691,-38.986
18.62,-15.719
-38.952,46.356
45.42,-23.575
39.064,-16.319
0.22537,-6.6537
8.8385,2.1701
1.1405,-57.684
3.6749,0.75746
-39.142,-0.28138
19.706,44.857
20.427,50.154
3.144,-5.7633
6.6521,-10.082
16.931,-41.777
15.682,22.961
18.03,-48.32
-5.5844,3.7197
7.93,41.741
-21.694,25.478
-24.58,-2.8349
-12.189,-13.791
5.7338,-2.1883
10.144,18.588
-6.4722,-11.085
14.897,-11.383
-3.2092,-18.501
52.496,29.342
-18.203,-16.097
12.88,9.0942
-23.166,-8.3475
6.8369,0.4716
8.8501,31.837
-26.894,2.9955
7.2551,16.566
-31.315,-28.67
-32.794,-43.439
-4.4558,5.1306
2.0372,27.46
-53.262,-13.058
-45.658,3.0618
10.275,-6.784
-7.6866,20.561
-19.572,-30.816
-0.78065,6.1414
-50.123,34.578
-34.707,29.115
0.094523,3.5145
-29.735,4.9992
-4.6737,-45.579
-23.679,18.821
39.245,-37.972
-27.539,19.575
48.403,0.76941
2.0202,45.516
50.586,20.916
-42.891,-14.018
12.93,-17.162
3.0293,9.2039
3.0721,0.98451
-36.959,-32.07
-20.31,-6.0272
19.517,-9.9417
-32.407,32.238
11.064,6.3286
-36.136,23.286
-2.0906,6.3973
34.866,18.878
39.042,6.1708
-39.267,-15.386
-19.185,-30.846
-11.994,-38.051
2.5404,-2.3029
-19.624,57.183
13.942,5.8051
18.974,16.046
-17.339,-16.86
16.123,14.852
-4.081,11.996
15.799,14.9
-5.7411,14.764
-3.4946,51.147
49.303,-28.892
-14.116,55.431
-24.456,30.556
-0.21982,3.9708
-11.83,-4.8762
-8.3397,53.595
31.944,-10.836
17.304,-24.922
7.242,-20.584
-14.436,36.714
-1.2942,-24.033
-0.91527,3.8212
6.6215,6.1496
-6.4981,-17.456
9.8805,-7.6798
-5.0569,-11.341
-42.17,-4.9239
3.0415,5.2707
2.2531,27.511
-6.7169,-35.95
2.0646,3.2333
1.8963,-6.4337
23.113,-20.542
-53.015,-21.716
17.32,28.298
33.729,14.369
-43.867,-32.292
-56.105,10.555
24.871,-48.961
46.629,28.388
6.9176,-7.1729
3.1045,57.614
14.737,-10.361
-50.334,-9.5039
6.3347,20.222
0.90453,-3.056
43.135,14.823
-8.9954,38.806
-14.611,15.832
-27.344,4.1566
30.061,5.6028
-26.215,29.977
-28.173,31.708
40.727,13.634
-12.013,-10.556
22.397,-36.343
-16.237,-18.754
-25.528,-17.471
-16.863,7.0496
21.702,-0.85837
21.845,10.582
13.532,-59.418
1.5803,-12.417
3.1268,-5.3935
-2.3552,-6.3721
55.633,-23.733
16.304,49.244
-57.836,1.1536
-12.655,8.4038
-31.579,23.883
32.295,9.0363
-23.362,-39.06
-0.5441,3.8856
21.828,2.6098
31.421,-11.509
41.966,-39.708
38.394,-8.4875
17.502,12.158
25.6,22.031
-21.744,-2.448
42.586,28.308
-10.482,47.119
51.591,3.7926
51.394,-3.8811
3.1825,0.1099
-50.947,19.101
6.065,-27.05
-4.9267,-7.6561
4.0124,57.103
-0.040732,33.606
-21.213,-3.4458
2.9417,12.44
-12.914,-1.2965
54.22,26.373
55.368,-16.866
16.231,26.067
29.297,-15.674
5.9655,2.4545
4.9711,-42.454
21.102,11.774
-11.741,44.025
5.4592,-3.8598
-49.135,22.75
21.025,2.3043
32.382,17.598
-8.7515,-4.2939
30.249,4.0338
-15.244,-2.6172
8.4325,-38.253
0.13911,-42.321
0.8619,-45.698
-14.134,46.588
55.502,-14.005
14.484,-5.4868
-11.583,31.719
-18.435,15.755
-37.106,-39.942
-31.345,12.178
25.837,-21.96
-37.86,-29.804
43.74,-32.376
0.60351,12.876
-5.771,-11.182
21.303,-16.851
-12.524,34.076
-28.678,35.965
-8.8743,-22.554
-3.1769,1.7568
-22.865,-46.618
58.72,-15.778
10.101,-7.9604
-5.717,51.626
4.3729,-45.308
-42.183,43.283
-2.9393,15.509
-17.446,6.1663
-15.345,32.903
-37.852,-46.711
-3.0138,2.3723
21.282,-2.6425
23.301,15.472
3.8371,-45.158
-34.09,-13.857
18.56,-41.786
17.699,35.449
-50.642,-33.524
-23.419,-14.067
-41.568,24.327
31.227,-13.088
2.4817,-2.8591
2.0907,15.631
16.372,-22.641
-46.056,14.086
4.6457,-17.782
-9.2487,0.062734
-4.1368,-30.228
23.599,-20.092
-38.821,6.7033
-48.153,2.1817
17.923,-1.9948
-17.513,12
-8.5751,-2.8808
-26.626,-7.8085
0.83454,33.259
-4.7771,-3.7026
16.016,54.756
-20.339,-12.951
48.188,-1.5106
-39.521,33.407
11.075,-10.798
-2.6298,5.6512
-14.919,-2.3657
-0.89964,-6.0484
29.735,6.3705
18.426,-24.49
35.231,10.874
11.368,-14.664
-5.287,3.193
19.496,-53.952
24.693,26.491
24.921,-1.1476
-21.837,-25.705
-10.647,11.006
27.908,-18.145
-53.495,11.967
34.891,-45.576
-24.337,-0.37039
10.783,-47.431
-24.404,12.962
-1.8672,-18.894
-45.472,2.2876
-5.3748,-3.0976
60.087,-4.0566
24.14,-38.225
29.31,7.8946
10.094,-56.466
-43.281,-27.169
2.761,27.414
20.493,25.949
-3.0329,42.082
-48.685,-30.118
29.409,15.338
27.445,-43.488
9.6569,-59.523
1.2015,-21.478
31.384,33.076
23.382,13.528
4.1251,8.1206
9.9373,15.958
20.883,18.373
-6.7224,10.11
-22.849,8.63
8.1312,54.315
-15.294,-2.3722
38.485,37.945
-19.112,14.953
-15.131,-14.938
-18.069,-57.608
29.2,-7.2262
6.7787,-1.1231
29.094,-31.028
-42.57,-34.096
-3.1658,-0.987
1.4123,-30.525
-41.584,9.0194
-4.6821,21.138
-23.499,-14.923
35.581,-33.009
-3.7657,-5.5047
-25.498,17.561
-24.85,41.183
9.1389,-19.11
-29.853,4.4119
-3.767,0.8814
5.926,14.219
2.2303,-27.877
17.26,7.2509
-4.6933,59.969
33.754,-3.8233
8.639,-41.138
8.0328,-5.7519
34.681,41.675
11.222,-56.346
-2.6687,-1.8388
3.0918,0.5912
0.82496,3.0242
6.049,-38.617
-11.294,46.956
-19.722,-14.436
-32.987,-46.892
-8.079,-4.5846
-17.054,-22.008
-28.935,-39.064
-26.576,20.135
-3.3474,0.35174
-2.789,-2.1765
-47.501,27.152
-31.959,-8.5689
-3.3325,1.3403
30.231,-3.3863
3.4408,-0.74266
-8.6746,9.3656
-7.0109,13.856
-6.7367,20.297
-4.3735,-4.9032
-21.114,49.878
1.5691,2.6635
49.525,-12.423
-16.355,18.317
-39.235,5.282
-42.133,39.436
24.613,26.856
5.8588,57.39
-36.122,-40.171
-36.38,40.541
-40.883,12.137
9.3574,-12.123
5.0367,20.414
-2.858,45.604
50.409,28.154
-16.585,13.461
-2.6354,36.803
-59.442,-11.354
15.553,14.112
-9.6338,-26.025
-39.809,-27.355
-1.7535,6.1641
-0.77739,-57.532
-21.166,37.352
57.315,-5.0623
13.411,33.636
-44.559,-9.5143
16.53,-13.731
36.129,32.674
-1.6045,-48.671
35.541,9.7546
55.91,15.296
-22.946,42.237
-24.157,5.9519
-26.691,5.652
3.7529,-45.827
-36.804,13.077
-13.994,23.932
1.4301,-18.463
-11.343,-6.279
-5.7758,-2.805
-35.407,-17.534
59.577,11.08
9.0057,8.1815
-23.479,23.631
-9.5665,28.752
-58.923,11.984
-9.8026,-35.471
9.513,41.475
21.56,-33.31
-26.875,7.7851
-15.892,-8.8206
-5.3732,-14.803
-5.7952,-7.9981
-45.468,-16.377
-57.381,7.7967
-45.571,35.55
16.217,51.903
-52.994,-12.574
-15.596,10.285
24.449,45.446
-13.924,-12.054
-12.035,-1.4761
-20.292,-53.581
8.0756,51.281
3.1998,-2.1406
20.061,-8.1117
2.5058,1.9077
-9.6529,-22.428
7.1638,-59.836
17.722,-31.711
0.73701,-36.797
-6.0442,-10.697
20.82,2.8641
17.124,21.924
19.041,-9.0083
30.495,52.571
-0.54975,42.503
-37.474,-19.002
55.687,14.54
37.846,-47.341
-48.854,0.66115
-2.9646,-57.717
37.279,47.115
-15.178,33.714
-14.155,33.919
27.432,-0.82834
-13.324,-20.897
22.139,-28.509
-33.549,-34.89
-27.044,-6.1442
-1.3045,36.949
3.0047,5.5793
-25.615,-16.69
-17.582,-24.349
-13.75,-16.959
3.5129,0.93513
36.252,-16.387
-17.511,7.141
-51.349,-18.54
1.9835,-18.65
25.417,9.1885
-16.715,18.14
-12.065,21.6
36.412,14.394
-12.801,52.616
14.388,-36.758
-46.585,13.568
-10.075,8.161
-27.632,27.647
6.6104,-60.293
15.132,-52.436
4.1646,18.059
7.5307,41.7
26.052,-8.4461
-28.66,-11.104
-26.699,-15.744
-23.024,-32.623
6.2835,6.4665
-24.764,-12.485
16.776,13.81
-29.32,-9.6442
16.791,32.72
-12.506,-58.806
-21.031,-4.8903
60.029,-3.8057
-49.442,16.018
7.7406,-48.025
0.64836,-9.6077
-3.0031,-51.911
-45.247,-18.421
58.395,15.584
2.383,53.967
-4.6949,4.267
31.398,44.086
5.9424,2.8707
-19.729,22.722
10.759,-11.456
-1.3585,30.182
-9.1292,19.168
-32.923,-21.766
10.677,-53.056
-20.133,33.767
35.295,28.067
14.952,19.939
-6.7621,-50.971
12.72,56.21
2.6479,48.434
43.56,42.52
-1.093,9.137
-9.1314,-23.04
9.5405,11.9
40.377,-27.206
-22.673,-35.401
9.287,-25.834
2.0614,-6.5671
40.966,31.819
2.9533,5.972
-6.0629,-2.2077
44.086,-12.7
2.4836,51.486
-43.489,-12.707
-47.845,7.2718
-36.69,21.382
31.19,-32.691
-32.57,6.2822
-51.282,18.181
30.125,38.464
6.6288,1.4945
-2.197,-5.6466
-25.779,25.423
16.017,49.324
-49.171,14.234
-44.579,9.534
51.258,-4.9979
-5.6409,3.0631
35.285,-33.785
-28.578,11.112
-3.817,0.33971
-8.3167,9.5935
12.617,-50.053
-9.2291,-15.994
1.1017,3.3095
44.426,-11.905
5.3202,-30.107
-2.8909,1.2833
15.301,15.694
-38.471,34.285
1.1104,3.6513
-21.452,3.6299
57.76,-18.284
38.935,33.354
41.881,-39.808
-27.913,0.15425
-7.0029,32.325
47.963,9.277
35.089,18.93
47.671,-7.6924
-19.559,20.021
51.294,-5.5971
-32.054,9.6281
7.7928,5.338
17.623,-4.3934
-13.518,-59.257
-1.0173,-2.9199
-3.3529,0.061755
29.993,3.116
-6.5005,29.664
-10.624,-31.447
-33.544,-20.531
-14.918,5.6824
-3.2809,2.1629
-23.281,-28.488
-3.7185,8.553
-35.409,-45.669
1.2965,48.619
-11.977,-1.838
9.7837,32.229
-30.018,25.059
-7.3546,-5.9695
-8.9518,-9.0374
-19.011,-15.707
9.6847,-32.463
-26.207,-37.411
-25.636,-26.404
-20.266,-5.8142
53.915,21.165
-17.666,42.364
-38.528,-38.124
60.331,1.8253
32.714,-46.833
-36.087,-40.325
5.7099,-1.9464
20.572,-5.626
2.7312,-53.982
-49.036,-15.915
-14.386,-6.9398
24.015,6.4777
6.3424,-26.818
-26.391,-6.2744
25.253,26.751
5.4677,-14.275
4.3765,4.6232
17.358,7.2727
-33.111,-39.196
-3.0874,5.5867
11.407,-4.2502
-6.7314,-39.286
-16.477,18.23
50.307,-28.481
24.962,-30.039
0.37466,15.613
-23.994,38.844
0.52618,-3.3541
30.329,41.514
-21.452,-21.856
-1.9468,2.4489
29.232,-30.165
19.649,26.924
8.6382,41.511
17.646,-45.543
-7.3675,50.473
-2.0255,2.7394
8.9129,-3.0139
-14.66,-30.165
16.119,-14.433
-4.2859,-8.1095
-5.29,-24.136
-4.5454,33.55
36.663,27.694
15.543,52.226
-35.542,-33.244
31.623,-32.71
-25.66,-54.848
3.8461,-0.24342
24.09,-38.426
-23.366,-19.735
-53.993,-8.1871
5.217,17.388
-9.6721,11.908
23.068,19.9
-28.273,10.988
-27.165,54.469
46.929,11.04
-47.282,10.221
-1.3147,5.9785
19.075,-10.215
-20.19,8.3224
0.5638,12.837
6.1142,-7.0819
-1.9031,-27.257
-9.7984,-22.245
-26.262,33.131
17.34,54.931
5.9229,13.886
-1.9739,9.0641
19.129,-20.049
-5.3816,-14.081
28.13,-17.54
-16.384,35.894
20.435,-14.007
3.8111,11.82
-39.426,2.6011
-58.516,-16.667
60.218,2.6014
17.177,8.0687
0.45592,-3.1356
-20.789,29.479
21.453,-29.724
51.519,-3.1125
28.867,9.3236
24.084,-5.8532
1.762,-3.5404
-25.048,-41.538
-45.616,2.7109
25.869,-33.91
7.3807,20.051
-1.2025,8.9533
-13.038,16.694
13.036,-13.558
-5.1494,60.781
-27.573,24.173
3.7487,5.1278
31.851,-40.598
-21.042,2.108
8.2095,-41.488
-28.781,53.561
-59.321,-9.1286
-9.2834,-16.275
2.0627,-9.0704
-6.52,47.939
20.246,-14.586
-1.3088,42.893
3.4314,-54.853
-0.42489,-5.9898
-18.085,11.178
9.4066,41.444
7.3291,50.877
-13.302,12.455
6.0991,39.085
-31.444,-28.838
15.288,42.703
-7.8218,5.4556
13.26,-20.608
-9.1905,-1.9306
-11.206,9.9861
6.0401,26.493
-56.945,20.337
-31.875,47.556
6.433,6.9638
37.823,-12.824
15.904,-1.5525
-25.896,8.842
8.0274,-4.8937
10.403,15.543
-8.3378,44.919
8.2794,-38.311
-20.782,22.141
-23.468,-35.474
20.185,-41.058
27.688,36.345
20.326,-19.215
2.54,42.301
19.882,-56.691
-2.9141,5.4356
1.455,30.84
6.0533,0.24908
11.729,5.5133
-35.358,-9.7455
-56.531,20.436
10.35,-7.375
-21.127,29.972
23.209,-24.32
30.797,44.461
5.1871,8.5372
-48.396,4.9356
22.514,-46.119
10.023,-35.088
-12.512,31.043
-28.497,-42.693
20.521,17.837
22.311,-9.2751
-24.046,-18.006
9.664,47.729
-18.315,-31.495
44.42,36.632
40.73,12.23
-22.406,-15.596
-23.137,15.3
0.71279,-12.22
5.6593,3.6523
-7.5071,-20.601
-21.172,-29.872
-52.597,-14.926
32.674,9.1609
54.033,-26.79
14.867,-2.2514
-0.70776,-9.7931
-36.331,48.025
8.5188,-8.916
27.69,-11.82
-20.923,26.66
-5.6735,2.4654
-1.6846,-15.652
-33.061,-3.6183
19.426,-14.105
-0.47205,-3.0861
-51.379,-18.611
33.033,3.6081
21.718,50.233
-36.462,-44.018
-35.792,-6.0159
-22.808,15.23
-12.439,56.217
37.525,-11.052
-39.261,-22.743
39.597,-4.8011
-3.661,5.7361
-31.853,-36.364
-5.1862,8.1681
-22.96,-48.916
-8.8213,12.569
8.1405,-5.1942
10.92,40.805
14.113,-11.662
-0.10365,-36.311
-47.62,-32.459
9.8349,-31.889
-6.1158,-6.7065
1.7423,23.989
8.4521,23.086
38.535,42.188
-26.868,6.6678
-8.8025,-8.9927
39.438,-15.96
1.2804,-3.7057
-6.8089,-6.4642
-40.31,-32.04
-45.263,-5.2193
-50.761,-18.572
20.946,-12.785
7.8031,-13.857
32.095,-36.46
-8.7481,-4.0182
24.257,-17.732
-1.0521,-15.346
-8.5411,35.819
-13.925,-7.5518
-51.304,-17.269
-2.815,9.3041
-22.25,43.047
-27.437,32.782
6.6085,33.037
-6.6449,16.859
2.9994,8.9156
-29.331,-15.18
6.5699,-1.8842
-17.168,38.747
-1.0851,-6.5514
-44.579,-6.2588
10.985,-10.23
3.9737,-21.03
45.464,-23.265
-11.37,-4.721
-52.901,11.671
-11.294,-5.5456
34.767,49.827
23.009,-55.697
24.742,-12.236
37.326,20.96
35.969,15.4
16.43,-29.53
-40.133,27.972
42.983,15.899
-53.765,-10.288
35.175,-34.047
-22.898,-24.725
-7.1548,-9.8783
16.125,22.622
14.518,-6.6698
-17.933,16.971
33.713,-20.366
57.81,-4.1425
19.469,-9.7041
-3.8995,11.888
9.4769,-53.4
-19.545,56.998
26.597,-32.949
-7.7282,9.182
-14.206,-42.9
31.296,-24.002
5.5582,24.279
30.145,-14.412
9.7319,7.7896
3.728,30.213
4.2624,57.127
47.757,-8.0295
-9.649,-8.2499
24.899,-30.093
13.826,-6.8258
23.624,48.664
-17.591,5.8502
-4.9631,17.498
-19.828,9.0782
-30.074,21.164
-46.351,28.269
-49.09,-22.876
-32.365,35.686
-29.702,-14.839
-24.336,12.978
11.18,21.46
-7.4398,-10.19
-6.1619,10.705
10.488,56.193
54.095,-7.528
-9.4962,-54.17
-18.395,54.469
-6.2348,-7.3779
-32.284,16.435
-11.364,-4.5839
43.994,12.979
-19.781,30.855
-14.261,26.395
57.505,5.5297
13.633,12.758
-25.899,30.219
-26.542,-40.167
11.073,5.7668
0.85831,30.045
-26.513,44.112
39.24,6.2516
-13.653,-58.491
-9.4467,8.8246
35.837,16.011
-5.3361,-4.3727
7.5083,13.942
-7.007,20.193
41.09,-19.606
24.392,5.0421
-10.255,6.7357
1.6868,-6.2514
-2.1071,-23.918
-54.092,-3.9436
-31.359,11.383
-23.879,-55.603
-9.9814,-44.671
-14.267,-58.7
3.1821,12.195
-9.9156,-15.575
9.6796,25.733
-35.419,-6.4599
9.8979,-22.863
27.326,47.016
-18.425,-16.357
-16.593,-13.467
2.0838,-3.1777
-8.3443,5.1513
48.501,-0.26673
-3.4372,-27.689
-32.362,10.204
29.076,8.7248
9.5634,38.441
-9.6383,47.37
44.593,-26.524
2.038,2.9622
-14.73,-3.1596
12.094,37.529
24.995,55.197
0.45692,-6.1806
-45.299,6.341
-34.321,11.349
4.3543,-15.168
-39.832,21.395
9.3771,-8.9154
-27.156,-3.5365
6.2369,-1.4985
-7.5155,6.31
-12.097,21.81
17.166,12.867
17.519,12.316
4.11,-9.0956
18.82,31.289
-54.66,-18.967
45.994,35.236
-8.0152,-35.223
52.321,13.555
-1.5055,3.443
-0.10145,3.1748
-9.9252,-18.638
28.841,-17.546
60.294,6.2459
-24.986,-34.772
25.603,51.345
0.87625,-3.6833
14.222,-30.355
-17.916,-2.8688
-15.158,-9.7169
-13.888,30.523
9.3872,1.136
-2.4203,9.5982
5.9072,2.7454
-43.987,-11.732
33.531,21.639
14.195,43.516
51.468,-4.0731
12.262,21.071
-23.146,-49.841
-5.6706,7.6249
3.508,-54.051
-0.98931,24.953
25.27,-17.409
-3.1518,15.268
23.748,4.6776
-57.035,-3.0903
-16.924,-8.2381
22.436,9.5682
1.9898,-2.353
-7.6492,-4.8541
-53.127,28.907
-25.215,10.774
0.084542,48.396
4.3316,23.87
-19.403,34.361
17.267,-21.043
-26.392,-5.8886
57.124,-19.623
22.249,-10.881
-1.9199,-6.019
-16.745,28.976
-48.811,-0.35396
-20.216,-18.804
5.1752,-27.362
-14.88,-5.3706
33.297,3.4797
2.6663,-2.3659
26.701,7.7065
9.2246,-15.918
12.495,-34.648
-12.46,21.016
-15.002,-0.85128
26.549,-44.289
44.468,31.704
51.537,16.391
-2.2233,2.9231
19.987,-7.3848
25.995,-51.239
-3.678,-30.073
45.278,3.3508
22.334,10.062
-20.773,-49.925
-9.5436,-0.15379
6.5633,-51.422
37.381,39.082
-5.8143,2.4957
42.908,14.266
-9.2353,-1.0699
-23.828,-27.982
-14.716,-15.635
15.251,1.0875
-6.3036,6.7204
-44.175,-8.7443
53.212,-12.925
39.493,-3.128
14.722,37.184
23.288,43.009
-16.936,-13.284
5.7361,-51.61
8.8252,19.08
18.02,-1.7868
-30.428,-5.5868
-7.2445,9.8499
30.207,-15.596
2.242,-36.55
5.5976,48.461
9.0897,3.4141
-3.5215,-18.413
23.896,-6.4798
-57.742,18.666
39.571,41.141
16.679,-7.3872
51.157,18.404
33.923,25.779
-25.205,11.304
-20.008,-50.765
-15.348,55.47
5.2472,17.931
5.2032,20.778
14.009,49.607
-1.7034,-9.6208
-1.2538,-36.193
33.594,-0.80392
-58.201,15.9
-28.559,9.6304
-41.836,-24.975
-4.574,-4.2361
60.203,-5.3825
42.993,-21.998
21.008,-5.512
5.8663,-7.7187
24.583,-12.447
27.215,-32.822
-26.858,-51.082
35.361,41.675
-3.653,15.111
3.4483,36.75
-26.838,-5.6907
38.578,23.981
42.213,4.5724
-6.08,-16.944
40.748,-40.153
6.2068,2.5041
5.0454,17.977
-42.177,30.32
18.699,15.826
3.7758,-11.865
32.122,22.964
-12.245,9.2627
-12.98,-20.522
8.2626,8.8025
10.572,-12.002
6.8046,20.649
5.5271,-17.801
3.1521,2.2098
-3.5627,-11.725
-0.63943,3.6662
-3.9079,-30.251
3.786,-42.213
6.3799,-11.042
-37.242,-39.201
29.827,-30.042
42.997,43.081
46.463,-28.964
-30.494,-33.415
8.4069,25.868
16.172,-8.0049
-8.9824,-3.2979
1.8285,-3.2369
-4.235,-12.197
-59.259,12.372
-4.6642,8.3569
36.365,-43.903
-2.1328,5.7407
-30.68,-1.5089
-49.788,-11.331
27.428,-28.698
28.476,18.057
-28.562,-30.967
-42.61,28.583
-33.376,3.1222
-36.362,-4.5379
12.158,40.785
5.1269,24.143
-35.103,45.024
-49.658,-33.685
-3.7928,30.452
59.304,10.725
-40.253,-36.817
-35.282,-7.4946
-1.3656,3.0807
12.107,-2.5111
-16.892,17.591
-29.788,14.61
-15.827,-0.70188
-39.009,0.98258
42.91,0.10706
-8.6282,9.7098
9.2231,0.9758
42.071,-43.306
19.281,-48.128
40.651,12.14
16.43,-8.4452
-1.4429,3.3331
0.72328,-21.825
22.936,25.021
42.698,22.167
3.6966,5.2386
12.113,-2.0628
3.508,18.12
-1.5239,-3.0814
0.93469,-33.878
-9.0072,-2.8061
53.956,-5.3632
-3.7065,-5.1794
-1.1988,3.7938
1.4497,60.742
-48.467,24.963
12.701,-13.828
10.397,-21.954
31.219,19.3
27.133,6.5969
37.497,-35.644
17.198,42.325
-29.124,-41.908
3.1379,-2.2401
-6.3178,-2.8263
7.9759,-44.386
27.738,23.905
3.428,27.491
3.588,5.3334
8.6489,-3.1021
-47.588,18.479
4.9362,60.428
-29.006,26.089
-28.535,-27.606
-19.359,-47.713
-1.1947,-15.826
6.7502,57.344
-46.847,33.92
6.5967,57.189
32.196,-8.6562
-23.698,5.5312
-27.703,-35.852
-46.552,22.539
35.695,9.3101
-1.181,-12.774
35.296,17.032
-7.5055,-19.975
-9.8576,-0.50967
28.329,-42.469
-44.213,-8.4042
-4.6669,4.5259
-41.097,-26.502
-13.582,12.504
-7.4341,-16.868
-0.70532,3.508
13.152,43.069
-58.852,14.478
-11.888,-1.9497
6.1593,17.077
-54.201,-20.212
17.055,31.714
-31.49,-28.188
25.803,-44.168
-3.7479,-5.3119
4.5018,-4.6223
16.369,55.616
2.1421,-51.691
12.754,20.358
8.4178,4.205
35.116,8.445
-51.307,26.866
39.708,28
40.682,41.139
-18.306,-21.17
-40.452,-13.285
-53.82,-7.9664
-10.589,-11.576
-19.453,27.398
-27.409,32.13
43.494,13.168
39.551,41.956
-2.4719,35.917
-7.0242,-29.879
-43.227,-28.727
8.4597,-16.534
8.75,-16.788
37.801,-25.469
-34.668,-10.396
4.367,-4.8861
22.376,32.321
4.7386,-26.608
10.712,6.0821
-5.8502,26.805
51.044,-17.964
-21.768,1.7995
-2.9552,-9.5308
5.6054,2.5904
48.06,-25.601
29.721,48.878
-11.467,31.818
39.189,-1.2684
5.2588,48.472
-7.6338,13.64
23.248,38.541
33.618,-26.792
-1.3347,21.903
57.409,6.8585
-18.33,-16.359
29.285,38.087
8.1273,9.159
-2.6666,-2.4533
14.037,12.574
-2.8286,-5.3397
-60.04,-7.1561
-27.358,-43.084
15.54,52.109
12.317,3.0818
18.391,3.5228
5.4688,-4.043
-36.181,23.232
-16.93,-58.309
-53.337,29.065
-27.104,-24.551
2.6876,60.472
-47.239,19.396
-5.2143,24.162
-7.4119,-53.716
-6.5462,-0.43328
27.665,0.42092
20.162,18.972
-41.178,-12.032
1.9986,-9.6702
26.638,-20.757
36.89,25.958
3.5208,17.988
20.764,-26.892
29.444,26.058
8.2607,-23.516
15.682,-9.1631
-17.445,-16.668
-8.5179,8.6522
14.778,15.971
-22.158,46.201
5.5575,-57.116
-53.839,27.502
1.5562,33.576
-5.3986,-3.2933
19.616,15.39
-12.635,-0.36442
0.045057,-45.76
-44.427,40.368
0.034347,6.3934
21.529,-29.51
-19.413,50.764
27.007,5.7866
-42.316,1.3535
-48.671,-2.5233
-45.252,-1.4771
-6.8424,-48.057
-0.82963,6.1897
-13.352,-17.342
3.9699,-5.4113
10.962,14.904
4.5072,-8.6013
11.32,-41.2
-11.66,-10.634
18.28,-4.0961
12.846,-12.959
30.029,2.0163
-6.8255,44.755
12.883,-8.767
-1.5125,42.915
-20.115,-50.437
29.926,-15.799
-3.6638,11.679
41.519,7.2927
-52.41,-30.065
-46.516,12.847
-7.9987,42.1
54.173,-1.171
54.265,-0.77818
-1.2556,-2.7606
-11.354,31.791
-29.848,20.522
14.154,37.304
19.618,56.855
-14.285,-33.154
15.382,-4.1879
36.658,3.3988
-9.3233,-0.90876
53.911,5.8649
17.888,41.947
1.3298,-45.184
-34.194,13.313
1.2571,3.1884
-0.41603,-48.399
19.575,24.016
6.3982,11.081
3.1138,-5.4167
24.452,-12.228
50.621,33.433
-14.096,-6.5891
0.033172,-36.02
-21.289,17.04
-1.3861,6.6901
-47.763,31.61
-15.006,-23.001
-49.982,-33.349
-53.05,29.008
-0.08265,3.0549
-51.675,-17.391
23.977,31.131
-13.317,49.804
12.28,46.672
2.1144,-21.263
11.401,9.9857
1.742,-9.617
-14.753,19.499
2.8231,-11.869
54.847,-26.604
-44.887,24.308
-17.753,3.2471
-7.7192,35.686
-0.7862,3.7894
-6.7909,-16.956
30.804,1.8672
-7.7659,-23.337
39.246,-2.5171
3.4116,-0.54977
6.2447,2.9667
43.971,-21.352
40.481,-12.401
5.4964,2.8283
11.225,34.319
-10.637,15.658
-29.933,4.5021
12.344,1.0854
-34.102,-42.517
15.052,29.549
-39.102,-0.37932
-27.175,-19.138
-35.708,-4.9703
29.249,-22.654
-29.627,-49.207
-2.4106,5.8098
-27.933,-43.012
-5.7701,-24.263
-2.8319,5.9118
-13.703,-6.6667
-26.133,-15.145
32.852,21.065
-20.667,17.784
21.816,-2.4452
24.006,34.939
-13.952,7.0503
-22.731,-24.359
38.96,-7.1256
-49.045,23.878
-0.21948,-36.853
10.899,-49.989
57.659,-4.8189
-9.6034,7.524
25.866,29.479
29.919,-21.275
39.777,41.86
6.0086,21.143
6.3192,17.784
-34.338,-19.21
-9.1815,-22.511
-36.954,13.34
26.619,-8.0786
0.55995,-9.9109
37.521,-10.747
2.6976,-2.8911
-15.266,-18.614
-6.2727,1.2115
28.948,-45.97
-13.124,52.529
-11.516,43.95
4.2257,11.332
-4.4961,-5.1281
15.471,-22.803
37.369,34.9
12.652,43.261
49.365,-24.088
-12.405,-2.4916
-26.965,-14.962
7.0705,6.4763
9.3057,23.129
7.3592,-59.749
5.3512,-4.4146
43.857,-32.586
4.6211,4.4586
20.239,40.454
46.977,-21.323
-19.271,-10.315
-14.969,19.071
-45.786,-17.055
15.424,1.2462
26.492,32.873
16.242,26.281
-1.2985,8.9917
-30.234,13.287
37.586,-19.818
26.562,-14.626
8.3745,-3.4696
-4.1881,-35.81
-26.392,-40.864
23.026,23.654
3.765,-1.241
22.23,-15.369
-21.556,29.725
-2.5639,24.805
-23.905,3.268
3.4981,-5.3552
3.1575,1.0512
-28.089,27.31
0.39128,-27.013
16.262,18.436
10.726,-6.3531
13.342,7.6875
23.883,-13.373
18.541,30.968
1.2796,2.799
-0.34375,-42.618
-9.8279,-56.965
-9.7807,-8.0099
21.639,37.156
3.0829,-6.1247
38.6,-23.734
24.947,38.317
12.182,-28.357
-15.797,22.662
32.529,-39.832
50.061,29.076
30.266,-34.58
-16.615,7.9185
28.934,-27.426
-27.239,51.117
-8.2458,13.666
21.954,-0.49343
19.205,27.718
30.742,37.733
14.723,-43.331
25.025,37.851
48.272,-19.129
12.122,-21.293
-10.94,10.265
-17.469,-32.305
18.353,51.238
8.0116,-5.3615
-6.4277,-41.912
30.973,20.182
24.403,35.252
38.515,-8.7955
6.9299,0.31909
-3.031,18.744
9.6856,-19.343
-3.3497,-2.1612
-35.059,-29.183
-11.565,-56.542
40.978,-12.614
-42.98,-0.71777
-3.0883,15.482
55.727,14.144
0.39116,-27.919
28.318,17.918
0.6298,-3.6687
2.6672,-18.394
-52.871,14.492
-22.629,19.721
-46.262,-39.589
28.509,35.883
31.049,-29.282
-3.5132,-9.3327
19.451,-24.032
-48.274,-5.0839
-9.126,-2.4778
42.91,22.6
24.197,1.0173
47.836,-8.4289
-22.854,56.199
-31.226,33.516
-32.945,-31.019
9.215,2.7346
-6.3696,6.5284
-7.3918,13.804
26.321,-36.574
29.834,21.711
15.903,9.5199
5.8571,14.717
41.468,8.7237
-0.91673,-24.391
-7.3174,26.243
21.418,21.982
-27.259,-35.946
8.4021,4.5895
59.803,-5.3855
-36.333,-44.447
-38.32,-38.76
-0.76863,12.45
15.269,-3.6312
-9.8533,-15.875
28.901,39.301
-23.935,4.5542
1.9489,-2.4077
51.199,-6.6685
-0.79853,-6.3139
30.265,-45.445
-21.699,17.312
-6.6495,-6.5652
-19.451,-57.685
59.055,12.068
21.045,29.771
-32.087,23.196
2.0816,2.2588
-8.5824,-8.743
-11.16,-53.081
-0.18639,-15.541
9.7349,7.7858
3.901,48.457
-5.3437,-54.63
10.558,-25.197
-7.6251,-13.482
-2.6381,-42.326
-57.007,-8.3183
13.277,37.575
18.69,2.9412
-5.1369,-4.4007
-8.7645,26.029
37.645,13.235
-18.122,-20.036
-34.828,12.463
-24.756,1.4726
13.683,19.795
21.126,1.3777
0.33712,9.9691
-7.8765,-9.3362
-1.9918,-3.1115
2.2423,-51.286
-29.447,7.3686
22.51,24.604
44.922,9.4858
0.91359,12.035
-14.194,39.896
17.149,-7.1419
-30.934,28.836
1.5299,51.936
-13.517,16.931
21.878,9.8668
41.546,-19.599
-7.2556,6.2483
30.099,-4.582
-0.71135,6.8643
2.8595,29.886
-6.2383,-2.1988
-0.77915,-6.6534
31.125,44.446
-26.354,33.597
41.298,10.562
-36.139,6.906
18.982,-15.484
21.039,12.888
29.397,-52.895
0.18466,-9.5163
5.2357,23.742
14.331,19.927
-1.8387,-18.407
-18.888,9.6875
-10.095,-6.8114
-2.55,-36.072
-27.292,-53.704
16.298,17.906
-3.1814,18.71
46.143,-15.288
-14.398,-26.85
-33.659,12.984
12.926,-1.1354
-16.891,-54.882
-27.586,32.103
-7.0784,5.6719
39.094,-16.968
-2.8968,11.669
12.056,3.5343
-24.161,-19.004
-22.868,15.156
36.684,1.9468
-8.0072,-29.771
-20.821,43.987
10.917,10.512
9.4142,-0.70927
26.973,-3.2367
4.4368,-20.545
3.6705,-39.449
14.69,20.212
6.2884,20.844
-34.343,-49.275
6.5208,-6.6394
-23.169,7.2935
16.339,13.375
40.232,-32.718
-51.298,-25.253
2.6936,1.3938
22.486,-42.439
3.3771,-0.026391
-22.97,31.741
0.24739,-39.7
-26.261,41.285
-3.6099,5.5073
-17.617,25.461
-2.5938,8.7195
44.437,-20.259
2.4139,2.6649
-5.9221,38.553
-39.704,-45.848
26.658,-40.49
23.68,-52.317
-29.281,-21.29
0.12512,30.418
54.059,-20.427
-11.098,6.1232
-10.203,-22.35
2.4707,-18.255
4.6223,42.454
10.105,25.115
-8.4249,38.292
-28.026,-11.901
11.58,25.312
45.684,16.9
-16.348,-38.688
7.9623,-47.4
-46.331,-15.677
15.776,-1.205
-46.521,15.357
-27.025,36.074
-29.693,-26.439
13.368,-27.111
-54.339,-4.7596
-20.305,43.938
-36.489,21.019
14.017,55.513
6.6615,35.742
-28.402,-42.97
-45.195,-24.348
-20.468,13.028
1.1163,12.225
-20.19,-7.1996
-2.64,51.348
47.065,-32.245
-28.296,35.851
48.714,25.321
9.501,2.7651
19.515,-8.858
-28.629,-9.775
-34.211,-12.131
21.807,-10.352
-12.421,-40.617
-18.089,2.8073
-7.6929,4.7742
-23.103,-43.055
-7.9418,-44.332
-2.9434,-18.417
15.454,-1.9583
-11.951,-3.5629
-36.743,32.236
15.394,3.7834
21.831,21.284
-40.279,-41.177
-20.4,-6.8724
45.985,13.892
60.654,-1.3462
22.383,-16.451
2.969,-8.8647
-32.941,21.971
1.9121,2.9818
44.985,-6.5138
-5.564,50.866
29.862,-4.0434
36.328,21.101
4.7525,-4.3789
8.2414,38.973
4.4877,-23.76
-29.864,-37.774
23.063,-35.16
9.7371,-50.474
31.579,18.574
42.139,2.8392
0.45603,18.352
-3.8838,-0.74024
-17.578,11.616
0.70911,-3.127
44.44,35.867
-14.161,-6.4673
45.093,-35.252
46.761,21.128
-5.1477,-4.3822
8.1868,-32.561
-1.0751,27
26.769,28.837
-23.235,-7.6516
-18.644,20.64
-35.307,-44.849
-1.8605,-6.0466
16.131,39.624
15.68,-9.9261
-21.118,21.907
-4.1212,29.981
-2.2923,18.169
6.0234,-20.864
5.7148,3.4023
-2.6815,-9.3717
-36.293,16.693
-15.101,0.14968
6.7688,26.447
-5.7583,17.417
-45.685,-40.313
-5.1835,-26.734
2.4806,-9.4151
46.583,-27.872
-4.266,-8.7808
-15.012,-36.667
3.4962,-1.5306
-22.667,29.057
-47.035,28.276
14.167,5.5987
21.779,-2.4852
-18.741,-38.241
27.036,2.1606
-23.569,-4.643
23.3,19.832
-29.544,-29.855
7.3221,6.0963
-17.608,5.9324
-9.1841,8.7528
56.585,9.2475
0.18155,-3.2349
1.4142,-3.3775
-12.922,-9.4034
46.399,-33.204
2.1225,-18.424
0.35813,18.696
-27.414,-40.104
-34.316,-29.765
-22.023,-29.711
21.336,17.092
-23.194,49.509
26.051,-10.264
41.298,31.199
7.8297,-9.8872
0.23555,-18.657
-10.4,-50.676
-1.5016,-27.047
6.0307,2.3186
32.304,7.4029
-13.248,13.048
20.683,43.631
-9.0491,0.41326
4.3046,-45.782
3.6528,-1.2599
-16.569,8.4097
-12.684,-2.4962
-15.508,14.365
1.1982,-36.893
2.958,1.2245
-28.212,49.902
16.403,-18.205
9.3923,-2.6706
-8.4205,51.026
8.104,-13.042
-33.489,-15.715
12.213,18.215
-54.464,0.32962
-11.755,-17.449
-24.879,22.739
-11.859,52.691
37.45,-34.952
-39.066,23.098
-41.962,-5.2431
-16.387,55.428
-28.106,39.244
-19.337,19.02
-16.184,8.0909
7.002,-20.401
23.078,-39.604
26.571,8.1867
-25.46,16.905
-17.618,-51.594
-29.266,42.839
3.9787,57.038
11.218,34.22
11.858,40.563
20.278,17.959
50.185,11.949
-22.863,-9.8181
18.365,38.714
-15.015,-33.032
-29.769,-30.735
12.586,16.814
51.952,-23.846
17.299,-6.8022
-2.2561,-2.2745
0.84521,-5.9999
42.495,17.369
-26.479,-24.423
4.7965,-45.475
9.0799,53.822
-38.114,35.235
26.099,51.651
-28.581,-23.333
54.76,2.3314
-0.0071956,18.899
-32.204,17.195
30.874,33.054
8.1691,-8.997
-2.0979,-12.787
-14.154,11.799
-37.889,34.822
19.696,-23.087
5.9206,-42.28
-3.9499,-0.50014
-14.914,-40.088
-0.61053,33.669
5.7797,3.8312
7.2756,-6.6488
7.2788,-10.055
-21.892,-9.8748
-19.5,9.4432
-16.123,-22.86
-1.5806,48.116
-16.985,6.4468
15.655,-39.24
32.705,-35.855
-3.5148,15.202
-18.327,3.4082
14.282,-23.323
-3.0239,5.2784
-8.2694,3.6332
60.18,1.2499
30.108,14.248
-7.9563,13.263
8.0281,26.148
-11.76,50.617
-2.5154,-15.065
19.874,-14.976
20.908,2.7651
32.36,-9.2894
-0.61925,6.6181
-10.687,10.855
-17.759,28.176
27.869,-0.9392
11.528,-9.8517
-1.8856,-3.378
-4.2083,-4.7123
10.029,-11.189
-19.641,7.9175
27.977,-11.212
16.971,-25.243
11.905,14.688
3.8196,8.2345
-9.5517,7.5694
51.537,1.0621
-20.141,6.9109
-33.207,31.177
9.3844,-8.3248
-6.6473,-1.17
-27.213,0.003463
-7.0913,-7.0029
8.1989,-5.6092
-21.126,12.183
-31.004,-23.686
53.541,8.6498
15.304,9.993
21.995,20.661
43.276,-22.099
-33.677,2.4617
-27.559,-1.1148
9.3392,1.9227
-49.267,34.341
-10.248,18.637
22.784,-8.2298
-12.017,0.56517
-6.7346,-41.46
-32.832,-27.449
-2.1003,12.825
-1.3131,-3.64
-2.3334,6.2206
9.4358,2.2173
23.716,23.559
17.855,4.9949
2.0833,-8.8848
-23.356,23.621
16.61,-17.342
12.081,3.0972
-57.588,2.2234
11.168,14.919
29.499,-9.4564
25.059,-34.709
-29.636,-20.811
-19.857,-14.128
-22.317,49.47
-2.6104,-11.971
-5.2152,-26.659
-2.4383,2.5483
-50.067,-13.853
2.7333,-1.3033
2.8868,-45.554
-3.1886,-0.45175
33.335,-46.772
-21.675,25.072
-40.558,20.482
-29.882,52.667
-19.83,-14.026
-8.1664,-5.1016
-2.7468,12.542
-5.0148,11.95
23.968,6.1646
-2.8615,-51.152
18.183,48.601
-18.345,1.6843
-9.4619,11.92
23.608,5.714
7.547,13.748
-39.226,15.181
42.294,6.787
21.893,-16.394
6.8464,-32.888
14.994,29.986
-16.236,-25.461
-21.342,1.0178
20.52,29.883
-44.33,-10.981
6.5427,-50.924
-23.505,-28.433
-5.1675,17.844
6.5928,1.1735
37.834,39.686
4.4043,11.873
7.4997,29.538
0.8288,-45.26
32.664,7.912
41.724,6.6502
8.2962,32.572
-14.061,5.5083
27.456,36.181
54.42,-5.7669
5.4733,-26.834
15.587,9.1294
1.2403,39.417
-0.54769,-60.43
-27.867,-13.564
-4.3844,-8.9581
27.577,-31.708
1.4743,-12.267
2.4153,-3.0903
-1.3574,-21.833
9.0814,1.6505
8.682,3.702
-50.768,-26.795
-1.852,3.4833
2.4805,1.8078
-56.345,23.307
-5.7832,-57.301
-30.483,-1.3476
0.75579,3.8071
27.084,-2.5994
-14.433,4.7261
12.211,0.19959
1.1593,-30.541
29.012,9.4093
27.127,-14.942
-27.834,31.957
-5.0546,-36.429
23.782,-14.335
-4.8106,39.478
14.197,-52.838
-44.05,25.939
-15.564,-15.069
15.31,-3.1764
51.146,-27.306
-40.468,26.261
-14.96,30.363
30.792,-41.272
40.509,26.644
6.7876,-6.1682
-47.241,9.3402
-3.9613,11.648
-14.047,-46.607
-30.076,-52.569
0.50126,-3.6726
2.8443,1.9651
-8.8994,-3.2327
-1.4305,12.792
20.167,30.566
17.362,-12.166
48.585,1.3385
8.8764,-32.397
-29.123,-30.675
17.126,17.114
28.343,-35.866
-15.249,18.775
23.166,28.653
-35.899,-33.018
-12.575,9.6105
27.901,-17.846
48.776,36.445
6.8202,-32.774
-18.883,57.855
-4.6978,-8.137
-5.3769,14.779
16.614,13.702
-54.645,1.2964
-25.967,-55.126
-23.981,38.617
-9.0794,56.413
-15.531,-29.263
4.9232,-39.116
-45.48,-39.608
22.08,35.902
4.3181,-17.951
-14.481,-4.1323
-2.9845,0.76094
-0.059107,-15.941
-50.304,20.031
-6.4946,-6.9748
27.428,-1.3208
-5.3988,-3.2826
-45.251,-40.658
15.068,-2.3354
4.9528,-4.9122
56.28,20.957
-40.996,-40.459
-3.618,0.71925
9.9938,25.262
-25.855,37.547
-0.63032,-12.063
-0.87351,12.832
22.525,-10.384
37.813,-19.315
25.548,48.62
16.582,52.063
-36.626,14.771
20.078,-54.116
23.358,55.669
0.82343,-3.733
-50.506,26.429
-0.33076,-3.8008
-48.483,-1.241
15.631,32.772
-1.8885,-33.623
-4.3223,-4.9881
33.81,20.26
-26.529,47.891
-2.7308,1.2873
-32.805,31.001
40.955,39.778
7.6502,5.1978
-20.53,-33.768
8.0579,-10.131
5.7663,-3.363
-6.1211,-3.3853
1.2948,-30.949
-22.403,42.872
-5.7355,-20.574
26.285,54.032
28.383,-11.853
-29.032,42.716
32.302,-28.142
16.223,-51.739
16.708,13.454
30.405,-1.9921
-44.497,-18.83
-35.141,-11.312
-7.4591,17.169
39.458,5.681
0.60599,-2.952
34.36,30.409
-59.322,-13.457
-1.3747,6.6704
-60.605,0.48087
-48.491,-24.792
52.518,15.376
33.502,-21.653
-8.9106,2.4749
-57.298,-18.916
15.678,9.3175
2.9061,11.948
-4.3391,44.827
0.1821,33.737
53.965,20.23
-2.438,-2.9751
-31.502,-12.72
-21.935,-1.6108
30.208,-15.409
8.083,20.386
-6.9412,-23.42
-5.8972,14.106
0.1049,-9.9133
-30.816,0.13214
-6.6014,-44.853
-3.9712,-42.451
7.6147,-13.108
-12.836,-8.0976
-56.975,-21.195
-3.0925,1.2728
18.3,-15.929
6.4685,38.506
0.36999,3.9443
6.2567,48.347
-0.63386,6.9243
35.3,-9.3254
11.806,3.5165
40.706,12.968
23.743,-49.455
16.463,-42.857
-8.1804,-32.227
-23.808,48.89
-8.9141,47.347
32.293,-23.151
-48.029,6.3005
40.325,26.895
3.3913,5.8064
7.4906,-13.538
-6.092,-29.747
-0.042958,12.128
-33.12,-46.796
51.195,-7.8772
5.0054,60.225
11.274,56.451
50.144,-21.328
40.532,-40.307
-35.617,-6.4354
39.634,-2.6957
16.608,21.363
20.153,-6.3058
-6.9856,-41.856
-46.528,-22.874
46.254,-38.781
-8.7639,35.854
-6.5682,1.5654
-29.168,10.058
39.737,-45.003
9.8892,25.535
12.434,52.95
34.994,11.445
1.8269,21.13
-6.1212,27.227
0.89875,-9.5549
-16.36,-39.472
12.893,-7.6819
13.806,59.166
24.172,5.2335
4.6845,39.707
-25.944,51.731
-48.373,-25.001
26.959,50.322
27.136,24.205
-48.395,-4.3031
-34.465,20.273
32.804,21.524
49.374,-13.507
14.494,5.1523
-31.86,23.253
11.44,-37.89
47.073,32.254
0.047102,-3.2881
28.698,9.1115
7.6291,-13.547
24.038,1.5396
22.949,24.024
11.982,28.023
3.268,0.89889
13.423,12.224
0.13282,18.936
-43.077,-28.722
-50.511,8.2241
10.299,19.078
-41.622,18.098
-32.903,50.242
18.886,45.023
23.297,-28.678
-9.5551,28.603
-8.0626,-29.345
-20.095,-47.634
14.703,5.4505
-4.9511,33.385
-1.4695,3.2997
-9.4266,-1.4932
9.5857,0.62632
-44.413,-31.024
-1.645,15.765
31.503,51.616
-4.1839,23.733
8.4423,29.038
-1.1766,27.571
-9.0727,-3.8649
-39.539,15.841
2.0888,-9.6956
10.283,7.7681
6.7333,0.64894
-29.107,-8.2646
-0.1014,6.4572
3.0083,2.156
18.095,-4.9263
-3.2395,0.95747
8.9947,-41.559
-3.1951,-5.6253
16.947,6.6477
-25.677,-38.105
26.201,-32.88
2.2266,9.1039
-26.145,-26.1
32.004,-11.262
-14.864,-2.1627
-22.376,-46.749
-4.3491,-24.498
15.693,14.23
-5.7783,3.5695
-58.911,-12.428
5.8354,-7.7458
-19.721,-34.645
-5.5354,-56.754
-0.47966,-33.334
-12.682,-2.5345
20.608,6.9366
-27.695,53.865
1.6262,48.525
30.028,-1.0581
-2.0922,-15.063
-33.427,13.949
50.603,7.0003
2.9627,-1.0599
-15.828,21.901
36.652,3.9372
-3.1826,11.947
-1.4671,24.79
-7.0664,51.271
4.998,-11.861
3.1954,-1.8666
-46.699,33.011
60.381,-0.61839
44.073,31.86
-10.616,22.191
-3.2529,-8.7291
32.466,31.281
39.392,-0.79544
-50.12,28.396
16.827,22.37
6.6889,33.287
14.583,33.544
33.086,-15.439
44.384,-18.777
34.776,-11.15
-31.349,17.811
-5.802,13.952
11.006,-4.9276
-18.185,2.7561
24.185,-5.6913
14.343,-30.596
54.946,-18.101
-26.088,-14.921
-43.237,22.651
-13.39,-52.682
14.138,27.008
35.255,8.1995
-12.351,-8.6498
14.317,-19.699
-6.0783,1.1987
-5.8726,-2.4296
-2.0505,3.3104
19.708,-18.728
32.884,-14.676
46.906,22.408
13.931,59.104
34.643,-49.463
-10.527,31.804
-37.539,-30.265
39.534,4.8627
27.75,-39.45
-4.6776,14.81
1.6319,-15.668
36.025,-7.6797
25.919,51.35
-15.39,10.912
-2.7357,2.1663
0.64879,-3.7114
-45.165,-35.391
-9.7052,-1.9947
-5.7033,20.259
5.3233,-24.407
5.8092,6.8817
33.357,-0.88232
4.0051,15.217
12.554,2.537
-1.4715,-9.6159
4.4079,-45.226
-21.619,-26.109
-28.185,12.169
13.922,16.074
-18.498,-15.833
-47.258,11.171
34.009,30.294
38.583,-9.5717
-23.055,6.9008
8.4501,-16.643
-5.607,-10.773
48.697,-17.163
-0.78667,12.057
-16.669,13.069
-14.229,6.1986
-51.247,6.5408
-1.0363,21.101
38.271,38.365
-8.4194,-12.624
13.09,37.479
26.153,-8.4592
8.4753,-16.508
-1.5056,-6.4699
36.413,-3.6626
50.13,-27.582
-17.554,-25.256
-22.313,-21.006
-2.7709,-24.122
-33.867,-25.407
-8.5982,8.921
-1.7629,9.0172
0.96599,6.3579
-5.2723,7.9167
-29.405,-8.2103
-20.682,-12.865
42.199,6.1204
-2.9898,-0.67165
0.19217,12.577
23.08,-6.9222
-47.459,-11.939
-4.4628,36.161
-11.173,-10.645
11.718,-37.841
48.154,31.946
-14.574,52.69
19.709,-27.137
-33.652,4.4809
8.019,10.056
-9.3603,-23.03
-29.575,-20.559
13.385,-13.483
-31.892,8.9686
-3.633,-4.8495
6.4663,-1.0353
3.1189,-0.53381
-13.837,-26.738
5.243,-2.9847
12.716,34.734
21.77,0.93403
-6.4247,-1.477
48.069,8.0664
0.87668,-15.125
-9.203,31.753
46.591,-12.997
43.779,-32.256
17.864,-51.735
15.669,22.05
-45.656,-1.6969
20.359,-7.6408
5.6615,-27.363
-17.274,21.465
-10.554,14.844
42.533,29.146
-17.457,21.621
19.397,26.729
-42.643,-4.111
10.258,44.016
-37.457,35.443
-13.409,-16.711
30.736,-29.827
-9.9595,-12.257
16.613,8.5377
-18.42,3.415
37.205,-40.178
20.469,-12.647
-50.213,-13.132
-5.7802,-3.789
0.47404,45.934
24.84,-45.014
-11.114,14.854
-8.5753,16.203
52.195,-23.015
-25.215,-26.292
-34.251,18.805
4.6347,14.808
-5.5956,-17.256
15.989,-58.632
-11.24,5.0751
6.5585,-20.995
11.027,11.325
9.4532,-7.5634
-27.926,12.461
35.241,41.104
-20.915,3.6211
-3.1343,9.3203
-6.9159,-48.332
-27.18,24.442
16.396,36.071
-11.111,-24.724
-16.208,13.622
-12.622,8.5728
36.127,-48.888
16.118,8.0711
57.544,-6.9509
-15.902,-29.177
9.7959,7.4465
-54.2,-7.2119
1.04,12.508
-5.34,-26.898
1.8873,-2.6902
20.204,-43.77
30.505,41.617
55.759,-15.25
33.566,3.2022
-5.971,-0.61495
8.689,-44.352
-15.14,4.5103
56.602,-8.0685
-9.2126,8.1934
42.268,17.877
29.17,15.844
-34.278,18.787
16.071,-29.595
-24.389,-45.618
3.6637,1.055
34.459,38.06
-0.47573,15.501
-23.107,28.834
9.2161,32.331
59.787,5.7714
7.9688,17.168
18.041,3.5298
-38.526,24.458
19.852,22.597
21.253,4.741
25.112,-55.406
5.9577,-45.405
-46.404,14.204
-18.765,23.575
33.431,26.738
9.0954,-0.83545
7.6351,9.5159
1.5206,21.193
-20.77,-36.993
-6.3901,-1.7602
-9.5823,-15.989
-5.7346,30.065
20.448,-37.052
43.916,-37.227
17.085,-31.811
-2.606,1.7673
-21.17,3.1847
37.349,-13.789
4.772,14.922
-10.408,-11.902
-13.611,47.02
8.4557,29.273
-0.38153,30.286
-0.51963,-33.942
24.258,-34.966
-6.8043,-9.9569
52.342,-23.906
-1.3088,-9.1392
16.225,-26.185
-42.451,-15.493
-5.0272,-4.7074
-40.585,36.983
7.396,-41.443
3.9756,-5.123
3.6835,-8.3631
-14.135,-12.517
2.1894,39.355
4.5495,5.0202
53.685,-6.4178
31.847,-44.634
36.607,2.1641
7.7171,-6.2897
-10.692,-19.179
-6.5799,-0.22506
-7.0654,6.1897
-16.586,13.928
23.44,38.795
-42.057,39.123
9.4014,15.441
-32.06,17.949
4.1663,-39.398
-9.9619,-29.245
-32.804,47.815
-18.792,0.31262
10.618,-10.866
-14.375,-6.5077
25.903,9.4975
-22.063,43.379
38.984,-7.3544
-23.71,55.265
-7.1352,-16.786
10.065,11.495
-12.364,-13.995
32.282,-6.9662
-2.6062,-30.684
-41.938,3.8976
14.109,5.2359
-25.491,-40.968
1.2309,-9.2022
25.964,-20.98
-41.756,5.9827
-16.161,18.136
-28.34,-17.751
-2.1222,-24.57
-43.348,12.225
5.7279,-45.398
-2.1404,2.1394
23.798,13.543
-56.961,-2.568
-0.43904,-6.6347
26.543,6.4358
5.3366,-10.836
7.7338,22.832
23.413,27.378
1.9759,36.172
37.936,25.755
16.254,-45.291
-1.1886,3.7683
10.16,-6.9341
15.982,-19.158
18.269,27.796
-17.905,25.04
6.7792,6.8792
-11.993,3.126
-13.703,7.4639
-8.5779,26.454
1.928,3.2748
-1.0585,-30.268
-30.014,-45.517
-50.247,10.689
-39.702,3.6571
-31.893,-10.466
-25.195,-34.588
-15.986,0.13451
4.7498,36.06
-4.9006,-41.872
-20.257,33.898
37.032,-39.453
18.312,-3.5857
-23.748,52.134
-13.669,-23.731
2.5464,26.948
6.9514,32.327
7.402,9.826
-1.8568,2.7375
-51.621,30.747
-33.865,-0.92792
51.821,-3.1742
-8.7493,4.3422
-18.138,34.785
-6.374,7.5949
-19.171,23.109
34.082,-13.608
-6.2382,-14.184
18.477,15.738
-17.827,3.1131
10.995,6.4006
41.12,18.803
-2.0694,12.496
-12.475,40.974
-0.070035,21.592
-0.94836,15.332
17.931,-12.718
29.698,21.393
0.5943,-12.857
52.119,-16.556
-50.389,20.654
-5.0537,11.203
2.5068,21.501
-3.106,-15.035
-14.823,23.031
-21.062,-22.451
-27,-0.5772
16.719,-18.402
22.835,36.243
-40.83,12.714
2.3598,-42.613
-32.529,5.754
-31.883,-31.757
5.767,-36.077
22.216,42.551
2.9301,-54.285
-19.747,-40.958
1.084,-27.573
1.3329,-9.4922
-24.678,27.04
6.359,-14.568
-18.246,-35.326
-5.0321,7.9026
52.59,13.014
-45.72,29.874
27.426,-23.97
-6.5991,59.883
22.424,56.721
29.816,6.5207
14.138,-16.411
36.585,48.269
5.9451,14.161
14.621,-46.409
4.4591,-17.502
28.487,31.805
2.2782,-3.2629
3.3687,5.4897
31.475,44.261
-4.5762,36.197
-31.364,23.648
7.2465,-38.363
43.085,-29.007
-39.656,3.7757
-60.366,1.5808
47.998,-19.194
-5.5072,-38.727
-19.84,-43.886
46.669,-22.235
-18.372,-24.861
-16.67,-8.0739
-22.968,42.461
-17.194,-12.19
-0.78524,12.672
60.391,4.0159
8.3341,12.567
28.81,-49.968
-48.435,17.988
3.8321,-5.2891
-18.007,-0.61345
35.025,33.216
-28.155,-35.87
-0.47382,-12.265
16.639,-48.38
24.796,-37.855
-12.403,17.507
16.867,7.3042
-15.241,9.7955
12.167,4.0675
-6.5093,17.229
9.5692,-7.3744
41.494,-35.952
6.9587,6.3084
-0.45884,-3.4718
23.464,-19.715
-21.164,43.689
4.9739,-38.886
6.479,-29.371
60.044,-0.37239
31.416,19.359
-32.549,-27.908
-32.944,-35.757
9.1183,7.8792
-56.521,-8.2885
-6.2616,2.4294
1.6858,-21.696
-6.0224,-27.063
54.696,-16.803
-51.904,31.492
-1.7296,48.882
-4.7167,-11.325
7.9529,-26.052
-2.0548,-3.2713
-2.6037,48.723
-10.518,11.415
-9.3411,-29.494
-0.23559,3.0359
-11.491,56.711
-1.4825,6.0293
-20.649,-5.3745
29.959,-5.3483
-24.857,-22.1
-16.144,-29.855
50.294,8.6753
-28.22,31.906
-14.351,58.452
0.39601,24.934
-8.7123,-47.722
-37.911,19.555
31.155,24.828
5.4116,-3.4919
-51.047,-8.2594
-8.8045,32.506
34.132,24.633
-39.271,-5.4585
-5.6064,7.7573
37.686,-35.141
-33.203,-30.673
5.0959,3.8532
-34.805,49.421
25.3,21.307
-55.816,23.689
-0.38279,-30.393
-15.872,0.85746
-27.933,32.416
25.163,-10.539
12.082,-27.716
7.6824,-9.8406
-12.216,56.691
-12.353,-27.378
-11.523,-18.136
-29.458,-15.39
-2.2016,-3.1996
35.954,27.799
15.991,45.298
15.21,4.7716
-51.376,-4.3365
11.371,-5.7934
-21.868,11.595
13.194,13.113
-3.1119,-5.8299
-15.283,-33.672
-25.61,-51.855
49.602,30.024
-40.913,-11.271
26.477,51.299
-14.093,11.452
-23.273,-8.9191
-35.102,18.25
-44.765,40.04
37.779,43.887
9.516,3.0074
-3.1473,1.2449
8.8513,-12.913
55.097,-25.467
33.332,50.375
-16.715,-25.607
3.5093,-33.739
41.78,-29.789
-4.7892,17.665
3.5415,-5.6121
-0.77753,-15.122
1.2113,-39.31
19.212,-9.0583
-2.5407,5.7618
3.5131,0.68284
39.633,-37.56
17.7,32.304
43.663,42.476
-38.828,-24.429
7.104,-10.854
-23.304,45.667
39.356,-46.031
0.25232,-12.879
54.891,-3.0334
3.9244,17.797
5.9511,2.6225
-3.5164,0.0011222
-40.693,-10.791
-17.212,52.069
-31.717,44.27
-23.192,-49.132
29.01,-17.288
-46.582,14.894
-2.0904,-39.61
-6.5805,-20.73
-42.955,13.951
9.746,-7.9788
14.679,3.7052
-0.22896,3.3075
-21.725,29.1
-23.397,-5.7615
30.68,2.0748
9.5671,19.401
-9.5551,-47.29
-21.734,-2.1676
-7.7798,-16.632
-5.085,-4.6882
-41.828,-25.3
15.325,-4.0847
-25.473,16.53
10.756,53.715
6.1304,-20.285
5.1533,60.675
35.162,-42.258
-22.795,15.488
-8.6987,-4.0383
-34.968,10.288
-8.9163,-44.544
9.6515,22.226
-16.259,25.476
33.878,24.896
-36.868,21.653
-34.317,-46.429
-26.169,7.1045
21.131,-43.421
-39.955,20.924
16.177,29.339
22.173,-10.924
-12.888,-8.2513
-25.714,30.356
13.673,-37.59
44.153,9.4444
9.3178,59.46
35.329,-18.156
3.0538,-35.928
1.4141,-15.662
25.997,-21.274
1.733,-21.898
47.146,-12.1
-40.672,13.601
-11.751,-10.139
15.114,-14.84
-50.811,-8.079
-30.027,21.245
-37.17,-25.861
38.482,-8.7567
-29.288,25.97
8.1854,23.36
7.5514,-4.9824
-47.009,38.18
-7.3536,-6.1041
2.4991,-54.187
-11.638,21.338
-0.64614,3.5659
34.927,38.097
23.101,7.3083
-15.855,-22.162
36.553,47.804
15.31,-29.602
-41.153,8.3905
-30.406,1.1491
-41.617,-8.6705
-31.741,-10.256
9.5946,-41.232
-30.035,-5.9821
59.441,11.539
-21.042,21.948
3.1174,-1.9205
1.4689,18.09
1.1214,15.823
-33.344,-43.331
-28.454,-23.494
6.3093,-35.811
-22.524,16.538
13.95,20.518
-30.173,-29.725
0.78926,24.097
32.08,48.216
-13.493,-16.91
-17.62,12.437
-21.496,-12.619
-31.802,-32.474
46.528,-21.177
12.562,-9.0054
54.508,25.289
-0.067533,-45.308
17.363,38.598
20.705,33.121
-55.685,-24.041
-5.7076,3.2048
24.574,41.811
12.495,13.57
-5.6079,11.138
-2.6023,-33.539
37.744,-18.565
17.236,13.038
3.128,-2.0247
1.452,-5.8238
4.2839,-7.9572
18.321,1.1376
13.194,55.912
34.867,9.509
-26.827,5.0431
0.20276,36.867
29.341,38.154
44.86,-18.962
-3.6379,-0.66885
-27.531,1.2606
15.799,-30.036
13.989,-12.286
-13.338,-56.216
5.8202,-32.934
51.111,-32.51
21.471,-32.621
3.5962,0.13708
10.055,59.292
-0.58588,-51.257
12.359,-0.94512
41.351,9.0358
59.416,10.784
10.858,-15.205
-3.4466,-15.359
-14.937,-4.2765
2.985,15.02
-21.345,47.357
-38.184,30.146
-18.565,-4.0346
-6.0571,-2.5194
-32.844,7.1844
28.199,31.895
-25.965,37.429
4.098,48.762
-1.5556,18.912
45.718,23.34
32.269,-22.101
-28.889,-23.113
-7.6535,-12.936
-14.778,-58.378
3.0023,12.35
-23.314,45.485
-16.58,-8.7973
-9.6994,-2.3968
-1.8386,-18.204
-27.267,-13.406
24.341,38.725
3.5579,-11.799
-6.4639,-47.76
7.4509,-51.203
-7.5457,-13.302
44.203,31.907
41.192,31.39
3.4556,0.65402
24.523,-27.294
1.9135,-3.1951
-21.446,10.84
14.367,-19.577
-46.973,-10.314
-7.5841,20.472
-4.5318,57.722
13.455,-8.027
43.354,-14.898
31.969,-18.012
-14.927,55.314
-39.566,-2.7985
8.5608,3.8722
-4.1925,-39.307
14.434,30.71
-1.0181,3.5384
-13.611,20.927
21.734,-0.80334
-37.76,-34.972
27.663,18.75
-13.58,40.714
-1.1332,-39.067
-34.473,34.001
53.991,-8.2361
4.8153,8.4099
8.7789,-16.275
42.307,-3.9229
-34.966,41.364
7.164,-10.56
-17.231,-51.759
40.956,-19.019
55.063,17.083
37.962,18.539
-46.001,33.764
28.616,-10.285
11.998,-9.419
-3.7906,45.14
-13.802,-7.7176
39.029,-5.0322
-5.2821,-14.768
38.474,29.681
-32.739,-27.568
51.339,31.782
54.934,15.907
-3.3184,41.948
20.027,7.1101
18.51,28.236
-36.579,1.7431
5.0128,-38.713
60.368,0.6943
-3.5534,-57.21
-13.06,-20.741
3.8039,8.9984
0.629,9.7793
-0.9782,18.24
-32.163,27.49
-0.34346,3.7963
6.309,-6.7751
24.268,-26.86
26.338,-20.916
24.516,-13.294
1.055,3.2335
21.6,-39.905
-2.2502,-24.216
-30.867,33.908
-13.585,-30.78
-36.886,-20.473
-36.634,-1.0219
-5.7227,29.653
-33.511,-14.954
6.5182,23.374
-19.38,54.32
-0.16406,9.5987
7.7866,-44.978
-14.876,15.721
16.451,-7.5064
12.842,-17.011
-29.91,-7.4624
1.1839,21.587
-6.6004,-0.26053
5.8992,-3.6233
30.454,44.868
-11.209,-56.224
8.6933,9.5324
-6.4463,1.7287
16.695,29.009
-17.739,12.906
-13.379,-8.4417
-8.6132,15.807
-2.8526,9.242
-32.651,-43.098
5.071,20.723
-0.98611,-12.873
27.29,-19.409
0.92338,-9.8791
2.4276,-9.2486
8.1482,25.882
34.273,-19.174
7.9922,32.019
-10.241,-56.396
-52.859,-11.967
5.6163,-2.2826
3.5115,39.468
-3.035,21.523
-6.3522,-14.121
45.651,-22.981
0.22641,39.643
-6.6246,-10.133
1.1526,-9.5293
17.256,-28.821
-20.392,-5.1239
0.56293,21.942
-11.573,-14.877
34.971,9.3167
-23.453,-13.609
-41.66,39.678
-23.257,-24.619
1.3281,2.7074
-28.938,-8.7354
23.9,-45.747
-9.0842,16.537
-42.346,17.276
37.757,43.292
-51.733,2.6967
-44.65,-7.2296
14.377,-19.838
-36.247,22.008
-12.849,-1.807
16.193,-33.14
32.395,-31.37
8.3222,-4.8689
0.48814,-12.721
-22.9,15.569
1.64,9.6039
4.3518,-5.0592
10.28,32.308
-30.492,-24.444
47.208,-12.078
16.696,49.035
9.9883,56.359
28.183,42.873
-47.592,-8.1349
-1.743,-57.641
-3.6548,54.779
-26.538,-44.352
-9.9365,7.8908
4.9998,-3.9359
-25.902,-37.205
-13.389,31.149
2.9528,1.8004
1.2024,-6.0835
-2.8984,2.751
38.906,-33.673
-14.321,26.471
-20.687,3.9462
-11.184,-52.932
-35.875,-4.3362
-0.57468,-9.5181
9.2705,15.792
-11.682,-10.859
-0.39638,3.5884
-39.732,33.353
-60.1,4.622
15.542,-14.124
11.893,-49.693
-6.6261,7.0419
10.575,47.484
18.316,-34.883
14.307,-58.824
-15.841,-1.3514
-7.1525,-60.216
-9.7242,-1.6098
-21.353,-33.617
26.639,44.55
11.946,2.824
-21.613,-22.021
-51.366,0.97205
-1.2718,33.188
-6.063,-30.362
-25.383,9.4945
-22.113,-46.468
38.944,6.1401
28.416,27.656
17.139,12.775
38.536,24.795
57.097,-8.0767
-14.862,-2.9819
44.825,-4.5432
-38.073,11.083
8.3553,-4.8556
-6.9823,48.192
-32.269,-18.038
3.1328,-30.841
-11.608,-10.747
12.111,9.1431
-6.646,-30.148
-19.307,-44.1
-6.3944,38.542
-10.245,11.351
-2.2344,5.9612
9.8887,22.304
8.2085,-32.853
26.458,-7.6082
-20.487,5.9648
40.733,-13.237
-45.636,-17.119
6.152,7.4592
0.49935,-12.879
-3.8151,0.63488
40.48,45.234
-48.377,-3.6993
-42.821,14.294
-27.107,2.5096
-15.166,-10.307
-4.3976,20.596
-28.207,-18.091
33.074,-30.619
0.73897,-3.7721
-15.098,-2.4159
9.3411,-7.906
12.157,-24.933
1.0706,-2.8046
50.996,8.5771
45.153,-2.1595
-0.63422,-3.0245
-2.8016,48.543
-1.8885,36.522
16.237,-41.992
24.357,-34.742
19.846,13.732
-5.0748,-60.488
3.1764,-1.9144
6.1874,36.059
19.359,-30.841
26.525,-6.0214
22.743,-9.9592
-15.921,-8.4081
3.5238,-18.153
-32.12,40.172
-1.4484,30.853
20.976,50.693
5.6754,7.0297
5.2566,-21.03
-28.373,-9.8024
60.568,-5.1292
3.3719,1.6132
29.18,16.731
-3.8621,42.572
15.901,-22.435
-32.884,-4.3005
-37.886,-11.686
26.916,2.4245
18.219,-58.025
8.9779,-45.106
-38.878,-23.724
-11.981,17.98
20.605,17.528
-7.0114,-14.062
37.21,-11.788
1.7269,39.871
0.84113,-3.1652
37.014,-44.397
1.0912,-24.22
23.797,-52.286
-3.1543,-2.0014
14.696,-3.8389
24.376,-26.569
2.4221,-11.812
4.3354,45.654
-15.546,3.344
-1.7903,-15.364
-46.055,33.62
-35.812,-16.094
-24.609,27.226
17.873,20.258
7.0411,10.041
12.964,52.595
-18.825,-20.246
-7.4092,-5.2224
12.404,37.516
-31.585,9.7893
-25.692,-15.714
-18.334,-28.095
-3.4883,33.545
44.294,-25.304
1.9274,-9.6347
7.7955,-20.478
1.2373,18.452
-26.056,33.345
6.5245,-2.0711
-12.168,47.422
59.605,-9.3464
-3.1716,-0.97085
-52.298,-23.191
-5.046,4.0005
18.914,-11.235
-31.218,23.421
15.22,-33.043
-9.3579,2.4629
36.567,-4.9498
-9.8353,0.2003
21.107,40.753
15.402,-46.164
30.019,13.931
-31.886,-28.833
-9.6541,-1.0627
8.15,-23.506
-26.958,-5.4921
6.851,-29.716
17.57,-28.094
20.94,-5.1978
-49.172,-16.817
-3.6007,1.2738
-23.282,-23.415
30.734,52.239
2.832,5.3097
39.459,-6.0582
20.989,-4.0764
40.415,36.348
-8.2477,-57.126
-31.32,24.443
30.75,2.1079
19.66,14.03
1.7873,-6.3582
-5.4921,-59.971
-51.783,-31.557
33.883,-20.663
-5.0283,39.428
1.0554,-24.784
-43.466,32.825
-30.128,37.579
-14.287,-33.201
6.2587,-45.202
9.5685,22.568
-1.4394,-3.7071
1.2742,45.112
-15.72,8.8408
43.551,27.242
-18.537,3.6375
20.466,-5.2235
-10.596,-25.502
-9.0075,1.0774
51.591,-4.0732
25.272,22.717
-2.3566,-54.851
5.9748,-29.649
31.522,24.558
28.97,31.512
30.842,-2.9139
15.417,-15.646
-0.59721,-3.0856
8.3645,-23.1
-33.247,43.016
-8.2356,-48.167
23.972,-31.025
7.273,-41.731
25.073,55.476
-56.338,11.26
-5.1289,4.6003
39.657,45.547
-33.835,50.365
-21.639,3.9017
-13.576,-20.574
-16.02,-9.342
54.926,-16.362
0.54418,3.0288
51.112,-17.489
-2.311,2.5018
43.3,-28.127
-1.4913,36.092
10.672,-28.771
-3.5896,11.657
-8.2763,-35.298
-27.264,-2.7044
-17.859,-6.0443
-36.897,-14.573
-44.452,37.079
-5.7235,-17.163
2.8733,23.84
8.1745,-16.81
-6.8288,20.799
-36.359,-0.97291
-40.992,44.788
-48.903,-17.303
-9.8242,-0.074677
6.3195,1.9069
-1.3586,5.8783
-1.3109,-30.336
29.334,38.472
-11.307,5.6166
14.005,-6.4754
37.75,11.742
7.4392,-16.801
-5.9509,51.192
-42.039,-1.7928
11.422,44.136
-38.202,47.481
20.07,-6.3398
-28.449,35.737
8.013,-4.6767
51.378,-2.9825
31.921,36.602
-17.644,55.014
30.344,-25.623
7.8537,19.845
-6.6086,-0.90074
-1.2872,5.941
-24.933,-38.431
57.166,-18.502
26.043,-16.358
-2.695,2.6213
12.588,-9.4342
4.7901,-3.7414
5.052,-24.149
-2.2403,-2.0074
-48.444,-2.983
-22.708,-24.291
-13.621,-27.296
11.696,3.6269
-2.735,39.498
-1.0699,-3.7399
-50.335,11.301
-1.805,21.101
-39.884,45.735
40.018,33.14
0.96587,-12.731
-17.158,-12.16
-8.5015,22.628
48.075,1.2463
-11.969,4.5072
50.826,-9.8087
-29.724,-8.2892
-41.978,-1.502
22.178,24.436
-7.946,-5.2549
26.797,6.7922
3.1632,12.377
-55.631,23.887
7.4691,5.8949
-2.9178,1.3496
6.8956,-0.15664
3.6262,1.5136
-55.439,-16.275
-25.37,17.603
26.894,2.6963
-4.3052,12.013
-6.1185,-0.38633
6.4026,0.072575
4.4861,-12.17
-22.442,-10.512
-3.9513,-33.641
-3.5687,-1.2738
20.365,-27.008
50.843,6.4096
39.602,4.1717
-7.8808,5.9057
33.733,-13.893
40.299,-13.193
-19.296,19.576
-9.0449,-41.684
-3.1018,-0.17353
-16.701,-36.167
-5.3035,-3.0451
2.1894,2.6134
-1.7825,5.9792
38.809,18.194
-3.0807,6.0172
-36.322,-3.694
-5.8174,-36.123
16.64,29.609
-7.2528,-53.915
3.4842,12.385
27.066,-2.4318
-2.123,-48.47
10.572,24.869
15.171,-42.687
6.9573,-7.1
-45.96,1.0671
4.4737,18.087
-11.847,-38.097
-50.413,7.8224
10.849,-14.631
-47.793,-19.806
56.104,12.849
8.4444,-16.135
44.894,19.584
20.231,13.163
-28.554,11.206
-23.525,35.085
-18.223,-10.467
17.41,39.148
-4.5687,11.558
-29.923,5.3813
-46.421,34.451
-48.594,-15.814
27.345,5.4256
23.571,-14.926
-36.22,3.8618
-0.58114,-24.691
15.143,1.5263
-53.339,-9.2112
-1.9062,2.947
42.026,35.024
13.834,5.957
1.9401,2.372
-9.7293,-7.9344
-2.7725,30.653
-24.371,-1.0068
48.044,19.161
-55.423,16.387
3.6834,0.49343
-26.547,-7.434
9.3227,19.501
12.332,-37.342
1.3937,6.3045
-0.36637,-6.9303
-26.866,-3.4795
6.696,0.077474
-3.5017,-0.33224
13.611,12.095
-20.193,-18.553
-3.3057,0.017926
-15.813,2.3238
-6.7155,-13.618
-11.957,-21.201
5.2825,-18.183
13.625,-37.271
-8.066,-5.0592
18.763,50.912
1.4258,51.931
60.278,5.7831
10.353,25.173
-3.3336,-39.573
-13.569,30.886
5.8493,-2.5442
-47.541,-6.9948
-8.8663,3.3561
-16.671,-13.622
26.552,8.4382
4.6535,42.651
-60.769,1.0918
38.077,11.239
-44.076,13.109
-28.32,11.172
-35.836,-33.264
25.808,-16.126
-32.053,-27.158
-25.266,16.585
-5.6051,2.3741
-23.04,19.867
-14.617,40.251
14.398,4.7218
-25.622,17.066
-16.673,-42.122
3.7151,1.1851
-9.9896,-21.957
11.277,40.568
-36.717,35.489
15.039,15.869
-48.86,29.96
-34.831,-50.024
9.5803,-8.6847
0.38667,-3.4715
-8.6037,-3.9657
34.826,-19.493
18.82,16.361
-5.2061,-33.471
-28.302,31.085
28.796,9.653
54.456,-7.3032
-7.5682,-13.347
-19.704,7.6612
-12.648,-28.071
17.627,31.628
10.098,15.238
-43.846,20.685
16.637,7.6313
-13.993,-6.0233
-5.0628,-3.6736
-3.0201,-21.669
43.047,-28.209
7.3018,50.817
-0.76086,48.012
2.1633,48.696
-57.317,4.7019
30.695,12.191
5.2819,-27.053
-17.696,-4.9039
42.606,-38.381
45.337,6.0469
14.275,33.287
33.44,31.089
-41.023,-18.565
11.381,-5.2269
-55.589,24.465
-1.569,8.9696
-12.3,17.911
49.139,14.28
47.106,-12.979
51.263,-26.191
-37.984,9.8258
27.226,-50.675
14.878,3.9725
-22.858,-32.342
-21.498,40.061
-22.971,8.3679
40.045,-36.237
16.386,-42.148
-26.479,6.7389
-36.431,40.082
-15.975,22.917
-7.6126,-6.1912
-48.381,36.761
5.302,-32.933
-4.9419,11.758
51.887,-31.306
-14.523,11.981
-8.2791,26.134
42.001,1.8495
-20.405,40.78
60.684,-5.0887
-15.521,-29.203
-10.898,14.53
15.115,5.0782
-44.455,19.663
28.599,-43.273
-0.26305,-3.117
27.438,13.039
26.976,2.5647
-8.6871,22.761
48.635,15.706
-1.9006,-6.2466
4.1085,4.7873
-34.983,-8.7189
-49.576,15.321
-20.121,19.323
12.189,1.6381
-17.503,31.823
-2.64,-2.671
-1.1264,-12.438
21.962,10.365
-18.605,-54.702
11.225,10.151
30.503,2.3564
45.083,31.391
21.539,-21.799
-8.3198,-3.583
-60.446,-0.03725
8.7758,-8.7429
46.144,-23.433
29.861,46.019
-16.959,-45.91
-55.45,16.984
-4.9045,48.101
4.0621,-60.804
23.969,18.123
