,offwhite,features,bitter,flavors,dark,regular,order,basis,impressive,beer,right,dont,nose,popular,body,normally,issue,small,overlay,spiciness,blueprint,night,take,blend,chocolate,coloring,good,nice,easy,cake,much,very,version,cheers,themed,cinnamon,xocovezamexican,black,parts,adds,light,surface,follows,aggressive,aftertaste,more,char,roast…not,drinking,under,charlotte,one,enjoyed,foam,offering,excellent,roasted,accomplishment,brew,brown,mexican,poured,aroma,synergy,6,subtle,expect,flavor,exceptional,stout,spice,made,heavily,served,bakers,chocolaty,guess,hint,needs,cream,christmas,think,roast,pint,finish,enough,cocoa,isn’t,sum,foamy,given,head,coffee,spices,malt,up,sweetened,peppers,anything,ontap,bad,dry,increasingly,smooth,malty,covering,something,abv,isnt,overall,spiced,brewery,wellintegrated,delicious,shaker,same,colored,leading,happy,pretty,part,heat
,0,0,0,0,0,0,0,0,0,0,0,0,0,0,0,0,0,0,0,0,0,0,0,0,0,0,0,0,0,0,0,0,0,1,0,0,0,0,0,0,0,0,0,0,0,1,0,0,0,0,0,0,0,0,0,1,0,0,0,0,0,0,0,0,0,0,0,0,0,1,0,0,0,0,0,0,0,0,1,0,0,0,0,0,0,0,0,0,0,0,0,0,0,0,0,0,0,0,0,0,0,0,0,0,0,0,0,0,0,0,1,0,0,0,0,0,0,0,0,0,0,1
,0,0,0,0,0,0,0,0,0,0,0,0,0,0,0,0,0,0,0,0,0,0,1,0,0,0,0,0,0,1,0,0,0,0,0,0,1,0,0,0,0,0,0,0,0,0,0,0,0,0,0,0,0,0,0,0,0,0,0,0,0,0,0,0,0,0,0,0,0,1,0,0,0,0,0,0,0,0,0,0,0,0,0,0,0,0,0,0,0,0,0,0,0,0,0,0,0,0,0,0,0,0,0,0,0,0,0,0,0,0,0,0,0,1,0,0,0,0,0,0,0,0
,0,0,0,0,1,0,0,0,0,0,0,0,0,0,0,0,0,0,0,0,0,0,0,0,0,0,0,0,0,0,0,0,0,0,0,0,0,0,0,0,0,0,0,0,0,0,0,0,0,0,0,0,0,0,0,0,0,0,1,0,0,0,0,0,0,0,0,0,0,0,0,1,0,0,0,0,0,0,0,0,1,1,0,0,0,0,0,0,0,0,0,0,0,0,0,0,0,0,0,0,0,0,0,0,0,0,0,0,0,0,0,0,0,0,0,0,0,0,0,0,0,0
,0,0,2,1,0,0,0,0,0,1,0,0,1,0,1,0,0,0,1,0,0,0,0,0,1,1,0,1,0,0,0,1,0,0,0,0,0,1,0,0,2,0,0,0,1,0,0,0,0,0,0,0,0,0,0,0,1,0,0,1,0,1,0,0,0,2,0,0,0,0,0,0,1,1,1,0,0,0,0,2,0,0,1,1,1,0,1,0,0,1,0,1,3,0,0,0,0,0,0,1,0,2,0,0,0,0,0,0,0,0,0,1,0,0,1,0,1,0,0,0,0,0
,1,1,0,0,0,0,0,0,0,0,1,0,0,1,0,0,1,1,0,1,1,0,0,1,1,0,0,2,1,0,1,0,1,0,1,1,0,2,0,0,0,1,1,1,0,0,1,1,1,0,0,0,0,1,0,0,0,0,0,0,1,0,1,0,0,0,0,1,0,1,1,0,0,0,0,1,0,1,0,0,0,0,0,0,1,0,0,1,0,0,0,0,2,1,2,0,1,1,1,0,0,0,1,1,1,1,0,0,0,0,0,0,1,0,0,1,0,1,0,0,0,0
,0,0,0,0,0,0,0,0,1,0,0,1,0,0,1,1,0,0,0,0,0,0,0,0,0,0,1,0,0,0,0,2,0,0,0,0,0,0,0,0,0,0,0,0,0,0,0,0,0,2,0,0,0,0,0,0,0,1,0,0,0,0,0,0,1,0,1,1,1,3,0,0,0,0,0,0,0,0,0,0,0,0,0,0,0,0,0,0,0,0,1,0,0,0,0,0,0,0,1,0,0,0,0,0,0,0,0,1,0,0,0,0,0,0,0,0,0,0,0,0,0,0
,0,0,0,0,0,0,0,0,0,0,0,0,0,0,0,0,0,0,0,0,0,0,0,0,0,0,1,0,0,0,0,0,0,0,0,0,0,0,0,0,0,0,0,0,0,0,0,0,0,0,0,0,0,0,0,0,0,0,0,0,0,0,0,0,0,0,0,0,0,0,0,0,0,0,0,0,0,0,0,0,0,0,0,0,0,0,0,0,0,0,0,0,0,0,0,0,0,0,0,0,0,0,0,0,0,0,0,0,0,1,0,0,0,0,0,0,0,0,0,1,0,0
,0,0,0,0,0,0,0,0,0,4,0,0,0,0,0,0,0,0,0,0,0,0,0,0,0,0,0,0,0,0,0,1,0,0,0,0,0,0,1,1,0,0,0,0,0,1,0,0,0,0,1,0,0,0,1,0,0,0,0,0,0,0,0,1,0,0,0,0,0,0,0,0,0,0,0,0,1,0,0,0,0,0,0,0,0,0,0,0,1,0,0,0,0,0,0,1,0,0,0,0,0,0,0,0,0,0,0,0,0,1,0,0,0,0,0,0,0,0,1,0,1,0
,0,0,0,0,0,1,1,1,0,0,0,0,0,0,0,0,0,0,0,0,0,1,0,0,0,0,0,0,0,0,0,0,0,0,0,0,0,0,0,0,0,0,0,0,0,0,0,0,0,0,0,1,1,0,0,0,0,0,0,0,0,0,0,0,0,0,0,0,0,0,0,0,0,0,0,0,0,0,0,0,0,1,0,1,0,1,0,0,0,0,0,0,0,0,0,0,0,0,0,0,1,0,0,0,0,0,1,0,1,1,0,0,0,0,0,0,0,0,0,0,0,0
